tick_min,arrivals,capacity,picked,backlog,cum_arrivals,cum_picked,cum_on_time,on_time_pct_cum,avg_dwell_min_cum,effective_throughput_per_hour
0,5,4,4,1,5,4,4,100.0,0.0,240.0
1,6,6,6,1,11,10,10,100.0,0.1,300.0
2,3,4,4,0,14,14,14,100.0,0.14285714285714285,280.0
3,5,5,5,0,19,19,19,100.0,0.10526315789473684,285.0
4,5,4,4,1,24,23,23,100.0,0.08695652173913043,276.0
5,6,6,6,1,30,29,29,100.0,0.10344827586206896,290.0
6,5,6,6,0,35,35,35,100.0,0.11428571428571428,300.0
7,5,4,4,1,40,39,39,100.0,0.10256410256410256,292.5
8,5,4,4,2,45,43,43,100.0,0.11627906976744186,286.6666666666667
9,6,5,5,3,51,48,48,100.0,0.14583333333333334,288.0
10,5,4,4,4,56,52,52,100.0,0.19230769230769232,283.6363636363636
11,6,5,5,5,62,57,57,100.0,0.24561403508771928,285.0
12,5,5,5,5,67,62,62,100.0,0.3064516129032258,286.15384615384613
13,6,5,5,6,73,67,67,100.0,0.3582089552238806,287.1428571428571
14,5,5,5,6,78,72,72,100.0,0.4027777777777778,288.0
15,7,5,5,8,85,77,77,100.0,0.45454545454545453,288.75
16,4,4,4,8,89,81,81,100.0,0.49382716049382713,285.88235294117646
17,6,6,6,8,95,87,87,100.0,0.5747126436781609,290.0
18,5,4,4,9,100,91,91,100.0,0.6153846153846154,287.3684210526316
19,4,6,6,7,104,97,97,100.0,0.6804123711340206,291.0
20,6,6,6,7,110,103,103,100.0,0.7281553398058253,294.28571428571433
21,4,5,5,6,114,108,108,100.0,0.75,294.54545454545456
22,5,5,5,6,119,113,113,100.0,0.7787610619469026,294.78260869565213
23,6,5,5,7,125,118,118,100.0,0.7966101694915254,295.0
24,6,5,5,8,131,123,123,100.0,0.8130081300813008,295.2
25,5,6,6,7,136,129,129,100.0,0.8372093023255814,297.6923076923077
26,4,5,5,6,140,134,134,100.0,0.8582089552238806,297.77777777777777
27,5,4,4,7,145,138,138,100.0,0.8768115942028986,295.7142857142857
28,5,6,6,6,150,144,144,100.0,0.8958333333333334,297.9310344827586
29,4,6,6,4,154,150,150,100.0,0.9066666666666666,300.0
30,3,5,5,2,157,155,155,100.0,0.9032258064516129,300.0
31,5,6,6,1,162,161,161,100.0,0.8819875776397516,301.875
32,6,6,6,1,168,167,167,100.0,0.8562874251497006,303.6363636363636
33,5,5,5,1,173,172,172,100.0,0.8372093023255814,303.52941176470586
34,6,5,5,2,179,177,177,100.0,0.8192090395480226,303.42857142857144
35,4,4,4,2,183,181,181,100.0,0.8121546961325967,301.6666666666667
36,4,5,5,1,187,186,186,100.0,0.8010752688172043,301.6216216216216
37,5,6,6,0,192,192,192,100.0,0.78125,303.1578947368421
38,5,5,5,0,197,197,197,100.0,0.7614213197969543,303.0769230769231
39,6,5,5,1,203,202,202,100.0,0.7425742574257426,303.0
40,5,4,4,2,208,206,206,100.0,0.7330097087378641,301.4634146341463
41,5,5,5,2,213,211,211,100.0,0.7251184834123223,301.42857142857144
42,4,5,5,1,217,216,216,100.0,0.7175925925925926,301.3953488372093
43,5,5,5,1,222,221,221,100.0,0.7058823529411765,301.3636363636364
44,5,5,5,1,227,226,226,100.0,0.6946902654867256,301.3333333333333
45,6,5,5,2,233,231,231,100.0,0.683982683982684,301.30434782608694
46,5,5,5,2,238,236,236,100.0,0.6779661016949152,301.27659574468083
47,3,4,4,1,241,240,240,100.0,0.675,300.0
48,4,4,4,1,245,244,244,100.0,0.6680327868852459,298.7755102040816
49,5,4,4,2,250,248,248,100.0,0.6612903225806451,297.6
50,5,6,6,1,255,254,254,100.0,0.6535433070866141,298.8235294117647
51,5,6,6,0,260,260,260,100.0,0.6423076923076924,300.0
52,4,5,4,0,264,264,264,100.0,0.6325757575757576,298.8679245283019
53,4,5,4,0,268,268,268,100.0,0.6231343283582089,297.77777777777777
54,6,3,3,3,274,271,271,100.0,0.6162361623616236,295.6363636363637
55,5,5,5,3,279,276,276,100.0,0.6159420289855072,295.7142857142857
56,4,4,4,3,283,280,280,100.0,0.6178571428571429,294.7368421052632
57,5,4,4,4,288,284,284,100.0,0.6197183098591549,293.7931034482758
58,5,5,5,4,293,289,289,100.0,0.6228373702422145,293.8983050847458
59,7,5,5,6,300,294,294,100.0,0.6258503401360545,294.0
60,4,5,5,5,304,299,299,100.0,0.6321070234113713,294.09836065573774
61,5,6,6,4,309,305,305,100.0,0.639344262295082,295.1612903225806
62,6,5,5,5,315,310,310,100.0,0.6419354838709678,295.23809523809524
63,6,4,4,7,321,314,314,100.0,0.6464968152866242,294.375
64,4,4,4,7,325,318,318,100.0,0.6540880503144654,293.53846153846155
65,5,4,4,8,330,322,322,100.0,0.6677018633540373,292.72727272727275
66,6,5,5,9,336,327,327,100.0,0.6819571865443425,292.8358208955224
67,4,4,4,9,340,331,331,100.0,0.6948640483383686,292.0588235294117
68,5,6,6,8,345,337,337,100.0,0.7151335311572701,293.04347826086956
69,7,8,8,7,352,345,345,100.0,0.7304347826086957,295.7142857142857
70,5,4,4,8,357,349,349,100.0,0.7335243553008596,294.92957746478874
71,3,5,5,6,360,354,354,100.0,0.7457627118644068,295.0
72,4,5,5,5,364,359,359,100.0,0.7576601671309192,295.0684931506849
73,4,5,5,4,368,364,364,100.0,0.7637362637362637,295.13513513513516
74,6,5,5,5,374,369,369,100.0,0.7642276422764228,295.2
75,5,4,4,6,379,373,373,100.0,0.7667560321715817,294.4736842105263
76,3,5,5,4,382,378,378,100.0,0.7724867724867724,294.54545454545456
77,5,7,7,2,387,385,385,100.0,0.7714285714285715,296.1538461538462
78,5,6,6,1,392,391,391,100.0,0.7647058823529411,296.96202531645565
79,5,4,4,2,397,395,395,100.0,0.759493670886076,296.25
80,4,4,4,2,401,399,399,100.0,0.7568922305764411,295.55555555555554
81,7,4,4,5,408,403,403,100.0,0.7543424317617866,294.8780487804878
82,6,4,4,7,414,407,407,100.0,0.7567567567567568,294.2168674698795
83,6,5,5,8,420,412,412,100.0,0.7621359223300971,294.28571428571433
84,5,5,5,8,425,417,417,100.0,0.7697841726618705,294.3529411764706
85,4,5,5,7,429,422,422,100.0,0.7796208530805687,294.4186046511628
86,5,4,4,8,434,426,426,100.0,0.7887323943661971,293.7931034482758
87,4,5,5,7,438,431,431,100.0,0.7981438515081206,293.8636363636364
88,7,5,5,9,445,436,436,100.0,0.8073394495412844,293.9325842696629
89,5,5,5,9,450,441,441,100.0,0.8140589569160998,294.0
90,6,5,5,10,456,446,446,100.0,0.8251121076233184,294.0659340659341
91,5,6,6,9,461,452,452,100.0,0.8362831858407079,294.78260869565213
92,5,7,7,7,466,459,459,100.0,0.8474945533769063,296.1290322580645
93,5,4,4,8,471,463,463,100.0,0.8531317494600432,295.53191489361706
94,4,7,7,5,475,470,470,100.0,0.8617021276595744,296.8421052631579
95,7,5,5,7,482,475,475,100.0,0.8652631578947368,296.875
96,5,6,6,6,487,481,481,100.0,0.8669438669438669,297.5257731958763
97,4,4,4,6,491,485,485,100.0,0.8701030927835052,296.9387755102041
98,6,5,5,7,497,490,490,100.0,0.8755102040816326,296.969696969697
99,5,5,5,7,502,495,495,100.0,0.8787878787878788,297.0
100,5,6,6,6,507,501,501,100.0,0.8842315369261478,297.6237623762376
101,5,6,6,5,512,507,507,100.0,0.8875739644970414,298.2352941176471
102,3,5,5,3,515,512,512,100.0,0.888671875,298.252427184466
103,4,4,4,3,519,516,516,100.0,0.8875968992248062,297.6923076923077
104,4,5,5,2,523,521,521,100.0,0.8848368522072937,297.7142857142857
105,6,4,4,4,529,525,525,100.0,0.8819047619047619,297.1698113207547
106,5,5,5,4,534,530,530,100.0,0.8811320754716981,297.196261682243
107,5,6,6,3,539,536,536,100.0,0.878731343283582,297.77777777777777
108,6,6,6,3,545,542,542,100.0,0.8745387453874539,298.348623853211
109,5,4,4,4,550,546,546,100.0,0.8736263736263736,297.8181818181818
110,5,5,5,4,555,551,551,100.0,0.8729582577132486,297.83783783783787
111,5,4,4,5,560,555,555,100.0,0.8738738738738738,297.3214285714286
112,5,5,5,5,565,560,560,100.0,0.875,297.3451327433628
113,8,7,7,6,573,567,567,100.0,0.873015873015873,298.42105263157896
114,4,5,5,5,577,572,572,100.0,0.8741258741258742,298.4347826086956
115,4,4,4,5,581,576,576,100.0,0.8767361111111112,297.9310344827586
116,5,6,6,4,586,582,582,100.0,0.8780068728522337,298.46153846153845
117,4,4,4,4,590,586,586,100.0,0.878839590443686,297.96610169491527
118,3,5,5,2,593,591,591,100.0,0.8781725888324873,297.98319327731093
119,4,4,4,2,597,595,595,100.0,0.8756302521008403,297.5
120,4,5,5,1,601,600,600,100.0,0.8716666666666667,297.5206611570248
121,3,4,4,0,604,604,604,100.0,0.8675496688741722,297.04918032786884
122,7,4,4,3,611,608,608,100.0,0.8618421052631579,296.5853658536586
123,4,7,7,0,615,615,615,100.0,0.8569105691056911,297.58064516129036
124,8,4,4,4,623,619,619,100.0,0.851373182552504,297.12
125,5,5,5,4,628,624,624,100.0,0.8509615384615384,297.14285714285717
126,7,4,4,7,635,628,628,100.0,0.8519108280254777,296.6929133858268
127,5,6,6,6,640,634,634,100.0,0.8533123028391167,297.1875
128,5,5,5,6,645,639,639,100.0,0.8560250391236307,297.2093023255814
129,5,4,4,7,650,643,643,100.0,0.8584758942457231,296.7692307692308
130,5,5,5,7,655,648,648,100.0,0.8626543209876543,296.793893129771
131,5,4,4,8,660,652,652,100.0,0.8665644171779141,296.3636363636364
132,5,6,6,7,665,658,658,100.0,0.8723404255319149,296.8421052631579
133,5,5,5,7,670,663,663,100.0,0.8763197586726998,296.86567164179104
134,5,5,5,7,675,668,668,100.0,0.8802395209580839,296.88888888888886
135,4,5,5,6,679,673,673,100.0,0.8841010401188707,296.9117647058823
136,5,7,7,4,684,680,680,100.0,0.8867647058823529,297.81021897810217
137,7,5,5,6,691,685,685,100.0,0.8861313868613139,297.82608695652175
138,4,4,4,6,695,689,689,100.0,0.8867924528301887,297.41007194244605
139,6,5,5,7,701,694,694,100.0,0.8904899135446686,297.42857142857144
140,5,3,3,9,706,697,697,100.0,0.8923959827833573,296.59574468085106
141,6,5,5,10,712,702,702,100.0,0.8988603988603988,296.61971830985914
142,4,5,5,9,716,707,707,100.0,0.9052333804809052,296.64335664335664
143,5,5,5,9,721,712,712,100.0,0.9129213483146067,296.6666666666667
144,5,5,5,9,726,717,717,100.0,0.9191073919107392,296.6896551724138
145,5,5,5,9,731,722,722,100.0,0.925207756232687,296.71232876712327
146,6,2,2,13,737,724,724,100.0,0.9281767955801105,295.51020408163265
147,5,5,5,13,742,729,729,100.0,0.9382716049382716,295.5405405405405
148,5,5,5,13,747,734,734,100.0,0.9482288828337875,295.5704697986577
149,3,5,5,11,750,739,739,100.0,0.959404600811908,295.6
150,7,3,3,15,757,742,742,100.0,0.967654986522911,294.8344370860927
151,6,5,5,16,763,747,747,100.0,0.9812583668005355,294.8684210526316
152,5,4,4,17,768,751,751,100.0,0.9906790945406125,294.5098039215686
153,5,6,6,16,773,757,757,100.0,1.0066050198150593,294.93506493506493
154,6,7,7,15,779,764,764,100.0,1.0235602094240839,295.741935483871
155,6,5,5,16,785,769,769,100.0,1.035110533159948,295.7692307692308
156,7,5,5,18,792,774,774,100.0,1.0465116279069768,295.79617834394907
157,6,5,5,19,798,779,779,100.0,1.0590500641848524,295.82278481012656
158,5,4,4,20,803,783,783,100.0,1.0689655172413792,295.47169811320754
159,6,4,4,22,809,787,787,100.0,1.0813214739517154,295.125
160,6,5,5,23,815,792,792,100.0,1.0997474747474747,295.1552795031056
161,6,6,6,23,821,798,798,100.0,1.1215538847117794,295.55555555555554
162,7,6,6,24,828,804,804,100.0,1.1417910447761195,295.9509202453988
163,3,5,5,22,831,809,809,100.0,1.1594561186650185,295.9756097560975
164,4,4,4,22,835,813,813,100.0,1.1734317343173433,295.6363636363637
165,7,6,6,23,842,819,819,100.0,1.1965811965811965,296.0240963855422
166,4,4,4,23,846,823,823,100.0,1.212636695018226,295.688622754491
167,5,4,4,24,851,827,827,100.0,1.2309552599758162,295.35714285714283
168,4,5,5,23,855,832,832,100.0,1.2536057692307692,295.3846153846154
169,6,6,6,23,861,838,838,100.0,1.2768496420047732,295.7647058823529
170,3,5,5,21,864,843,843,100.0,1.2977461447212337,295.7894736842105
171,5,5,5,21,869,848,848,100.0,1.3172169811320755,295.8139534883721
172,7,3,3,25,876,851,851,100.0,1.3301997649823736,295.1445086705202
173,4,6,6,23,880,857,857,100.0,1.353558926487748,295.51724137931035
174,3,6,6,20,883,863,863,100.0,1.376593279258401,295.8857142857143
175,5,6,6,19,888,869,869,100.0,1.3958573072497122,296.25
176,4,6,6,17,892,875,875,100.0,1.4137142857142857,296.6101694915254
177,6,5,5,18,898,880,880,100.0,1.4295454545454545,296.62921348314603
178,5,5,5,18,903,885,885,100.0,1.4418079096045198,296.64804469273747
179,4,5,5,17,907,890,890,100.0,1.4539325842696629,296.6666666666667
180,5,5,5,17,912,895,895,100.0,1.464804469273743,296.6850828729282
181,6,4,4,19,918,899,899,100.0,1.474972191323693,296.3736263736264
182,5,6,6,18,923,905,905,100.0,1.4895027624309392,296.72131147540983
183,4,4,4,18,927,909,909,100.0,1.4983498349834983,296.4130434782609
184,5,6,6,17,932,915,915,100.0,1.5114754098360657,296.7567567567567
185,5,6,6,16,937,921,921,100.0,1.52442996742671,297.09677419354836
186,6,6,6,16,943,927,927,100.0,1.5361380798274002,297.4331550802139
187,6,7,7,15,949,934,934,100.0,1.544967880085653,298.0851063829787
188,5,3,3,17,954,937,937,100.0,1.5496264674493063,297.4603174603174
189,7,5,5,19,961,942,942,100.0,1.5573248407643312,297.4736842105263
190,5,6,6,18,966,948,948,100.0,1.5675105485232068,297.80104712041884
191,3,4,4,17,969,952,952,100.0,1.574579831932773,297.5
192,3,4,4,16,972,956,956,100.0,1.5826359832635983,297.2020725388601
193,5,6,6,15,977,962,962,100.0,1.5966735966735968,297.5257731958763
194,5,4,4,16,982,966,966,100.0,1.6066252587991718,297.2307692307692
195,3,5,5,14,985,971,971,100.0,1.6168898043254376,297.2448979591837
196,5,5,5,14,990,976,976,100.0,1.625,297.25888324873097
197,6,5,5,15,996,981,981,100.0,1.6330275229357798,297.27272727272725
198,6,5,5,16,1002,986,986,100.0,1.6399594320486814,297.286432160804
199,6,4,4,18,1008,990,990,100.0,1.6454545454545455,297.0
200,5,5,5,18,1013,995,995,100.0,1.6522613065326632,297.0149253731343
201,6,5,5,19,1019,1000,1000,100.0,1.66,297.029702970297
202,6,5,5,20,1025,1005,1005,100.0,1.6686567164179105,297.04433497536945
203,5,6,6,19,1030,1011,1011,100.0,1.6795252225519288,297.3529411764706
204,3,4,4,18,1033,1015,1015,100.0,1.6866995073891626,297.0731707317073
205,4,3,3,19,1037,1018,1018,100.0,1.693516699410609,296.50485436893206
206,4,6,6,17,1041,1024,1024,100.0,1.7080078125,296.81159420289856
207,5,5,5,17,1046,1029,1029,100.0,1.7201166180758019,296.8269230769231
208,6,6,6,17,1052,1035,1035,100.0,1.732367149758454,297.12918660287085
209,5,6,6,16,1057,1041,1041,100.0,1.7415946205571566,297.42857142857144
210,5,4,4,17,1062,1045,1045,100.0,1.7464114832535884,297.1563981042654
211,4,4,4,17,1066,1049,1049,100.0,1.7521448999046711,296.8867924528302
212,4,5,5,16,1070,1054,1054,100.0,1.760910815939279,296.9014084507042
213,6,7,7,15,1076,1061,1061,100.0,1.77191328934967,297.47663551401865
214,4,5,5,14,1080,1066,1066,100.0,1.7786116322701688,297.48837209302326
215,4,5,5,13,1084,1071,1071,100.0,1.7833800186741364,297.5
216,5,3,3,15,1089,1074,1074,100.0,1.7867783985102421,296.9585253456221
217,6,4,4,17,1095,1078,1078,100.0,1.7931354359925789,296.697247706422
218,4,4,4,17,1099,1082,1082,100.0,1.799445471349353,296.43835616438355
219,4,5,5,16,1103,1087,1087,100.0,1.8068077276908923,296.45454545454544
220,5,5,5,16,1108,1092,1092,100.0,1.814102564102564,296.47058823529414
221,5,6,6,15,1113,1098,1098,100.0,1.8233151183970857,296.7567567567567
222,5,4,4,16,1118,1102,1102,100.0,1.8284936479128857,296.50224215246635
223,6,5,5,17,1124,1107,1107,100.0,1.834688346883469,296.5178571428571
224,6,5,5,18,1130,1112,1112,100.0,1.8408273381294964,296.5333333333333
225,5,5,5,18,1135,1117,1117,100.0,1.846911369740376,296.5486725663717
226,7,7,7,18,1142,1124,1124,100.0,1.854982206405694,297.09251101321587
227,5,5,5,18,1147,1129,1129,100.0,1.8600531443755537,297.10526315789474
228,6,4,4,20,1153,1133,1133,100.0,1.8649602824360105,296.8558951965066
229,5,5,5,20,1158,1138,1138,100.0,1.8717047451669595,296.8695652173913
230,5,4,4,21,1163,1142,1142,100.0,1.8791593695271454,296.6233766233766
231,3,3,3,21,1166,1145,1145,100.0,1.8847161572052402,296.12068965517244
232,4,5,5,20,1170,1150,1150,100.0,1.8956521739130434,296.137339055794
233,5,7,7,18,1175,1157,1157,100.0,1.9109766637856525,296.6666666666667
234,6,4,4,20,1181,1161,1161,100.0,1.9190353143841516,296.4255319148936
235,5,5,5,20,1186,1166,1166,100.0,1.9296740994854202,296.4406779661017
236,5,5,5,20,1191,1171,1171,100.0,1.937660119555935,296.45569620253167
237,6,5,5,21,1197,1176,1176,100.0,1.945578231292517,296.47058823529414
238,6,4,4,23,1203,1180,1180,100.0,1.952542372881356,296.23430962343093
239,5,8,8,20,1208,1188,1188,100.0,1.9654882154882154,297.0
240,5,6,6,19,1213,1194,1194,100.0,1.9731993299832495,297.26141078838174
241,5,6,6,18,1218,1200,1200,100.0,1.9808333333333332,297.5206611570248
242,5,5,5,18,1223,1205,1205,100.0,1.987551867219917,297.5308641975309
243,4,5,5,17,1227,1210,1210,100.0,1.9942148760330578,297.54098360655735
244,4,6,6,15,1231,1216,1216,100.0,2.0016447368421053,297.7959183673469
245,6,5,5,16,1237,1221,1221,100.0,2.0073710073710074,297.8048780487805
246,5,5,5,16,1242,1226,1226,100.0,2.0130505709624797,297.8137651821862
247,5,6,6,15,1247,1232,1232,100.0,2.017857142857143,298.06451612903226
248,3,5,5,13,1250,1237,1237,100.0,2.0218270008084076,298.0722891566265
249,3,4,4,12,1253,1241,1241,100.0,2.024979854955681,297.84000000000003
250,6,6,6,12,1259,1247,1247,100.0,2.0304731355252605,298.0876494023904
251,4,3,3,13,1263,1250,1250,100.0,2.0328,297.61904761904765
252,2,4,4,11,1265,1254,1254,100.0,2.0350877192982457,297.39130434782606
253,7,5,5,13,1272,1259,1259,100.0,2.038919777601271,297.40157480314963
254,4,5,5,12,1276,1264,1264,100.0,2.0419303797468356,297.4117647058824
255,3,5,5,10,1279,1269,1269,100.0,2.0425531914893615,297.421875
256,5,5,5,10,1284,1274,1274,100.0,2.044740973312402,297.431906614786
257,6,5,5,11,1290,1279,1279,100.0,2.0461297888975762,297.4418604651163
258,6,4,4,13,1296,1283,1283,100.0,2.0459859703819174,297.2200772200772
259,6,7,7,12,1302,1290,1290,100.0,2.046511627906977,297.6923076923077
260,4,4,4,12,1306,1294,1294,100.0,2.046367851622875,297.4712643678161
261,6,5,5,13,1312,1299,1299,100.0,2.0477290223248654,297.4809160305344
262,6,5,5,14,1318,1304,1304,100.0,2.0498466257668713,297.49049429657794
263,6,5,5,15,1324,1309,1309,100.0,2.0511841100076396,297.5
264,5,7,7,13,1329,1316,1316,100.0,2.0531914893617023,297.9622641509434
265,5,4,4,14,1334,1320,1320,100.0,2.0545454545454547,297.7443609022556
266,5,5,5,14,1339,1325,1325,100.0,2.057358490566038,297.75280898876406
267,3,6,6,11,1342,1331,1331,100.0,2.060105184072126,297.9850746268657
268,4,6,6,9,1346,1337,1337,100.0,2.06207928197457,298.2156133828996
269,3,4,4,8,1349,1341,1341,100.0,2.063385533184191,298.0
270,3,4,4,7,1352,1345,1345,100.0,2.0639405204460965,297.7859778597786
271,5,5,5,7,1357,1350,1350,100.0,2.0637037037037036,297.7941176470588
272,5,5,5,7,1362,1355,1355,100.0,2.0612546125461253,297.80219780219784
273,5,4,4,8,1367,1359,1359,100.0,2.0596026490066226,297.59124087591243
274,6,6,6,8,1373,1365,1365,100.0,2.057142857142857,297.8181818181818
275,5,6,6,7,1378,1371,1371,100.0,2.053975200583516,298.04347826086956
276,5,7,7,5,1383,1378,1378,100.0,2.0500725689404935,298.48375451263536
277,5,5,5,5,1388,1383,1383,100.0,2.0462762111352135,298.4892086330935
278,4,4,4,5,1392,1387,1387,100.0,2.043258832011536,298.2795698924731
279,4,4,4,5,1396,1391,1391,100.0,2.04097771387491,298.07142857142856
280,5,5,5,5,1401,1396,1396,100.0,2.0379656160458453,298.0782918149466
281,5,4,4,6,1406,1400,1400,100.0,2.035,297.8723404255319
282,6,6,6,6,1412,1406,1406,100.0,2.0312944523470837,298.09187279151945
283,5,4,4,7,1417,1410,1410,100.0,2.028368794326241,297.88732394366195
284,6,5,5,8,1423,1415,1415,100.0,2.026148409893993,297.89473684210526
285,4,5,5,7,1427,1420,1420,100.0,2.023943661971831,297.9020979020979
286,5,4,4,8,1432,1424,1424,100.0,2.023174157303371,297.70034843205576
287,5,4,4,9,1437,1428,1428,100.0,2.022408963585434,297.5
288,6,6,6,9,1443,1434,1434,100.0,2.0209205020920504,297.71626297577853
289,5,5,5,9,1448,1439,1439,100.0,2.019457956914524,297.7241379310345
290,3,4,4,8,1451,1443,1443,100.0,2.0194040194040195,297.5257731958763
291,5,4,4,9,1456,1447,1447,100.0,2.019350380096752,297.3287671232877
292,6,7,7,8,1462,1454,1454,100.0,2.0178817056396148,297.7474402730375
293,4,4,4,8,1466,1458,1458,100.0,2.016460905349794,297.5510204081633
294,5,7,7,6,1471,1465,1465,100.0,2.0143344709897613,297.96610169491527
295,4,5,5,5,1475,1470,1470,100.0,2.0115646258503403,297.97297297297297
296,7,3,3,9,1482,1473,1473,100.0,2.010183299389002,297.57575757575756
297,4,5,5,8,1486,1478,1478,100.0,2.0081190798376185,297.5838926174497
298,4,6,6,6,1490,1484,1484,100.0,2.0067385444743935,297.7926421404682
299,5,3,3,8,1495,1487,1487,100.0,2.0060524546065905,297.40000000000003
300,6,4,4,10,1501,1491,1491,100.0,2.005365526492287,297.2093023255814
301,6,4,4,12,1507,1495,1495,100.0,2.005351170568562,297.01986754966885
302,4,6,6,10,1511,1501,1501,100.0,2.005329780146569,297.2277227722772
303,6,5,5,11,1517,1506,1506,100.0,2.00531208499336,297.2368421052631
304,3,6,6,8,1520,1512,1512,100.0,2.005291005291005,297.44262295081967
305,4,5,5,7,1524,1517,1517,100.0,2.005273566249176,297.45098039215685
306,4,5,5,6,1528,1522,1522,100.0,2.0039421813403417,297.4592833876222
307,4,4,4,6,1532,1526,1526,100.0,2.00262123197903,297.27272727272725
308,6,5,5,7,1538,1531,1531,100.0,2.000653167864141,297.2815533980583
309,4,6,6,5,1542,1537,1537,100.0,1.9973975276512688,297.48387096774195
310,5,5,5,5,1547,1542,1542,100.0,1.9948119325551232,297.491961414791
311,5,4,4,6,1552,1546,1546,100.0,1.9922380336351875,297.3076923076923
312,5,4,4,7,1557,1550,1550,100.0,1.9903225806451612,297.1246006389776
313,5,6,6,6,1562,1556,1556,100.0,1.987789203084833,297.3248407643312
314,4,3,3,7,1566,1559,1559,100.0,1.986529826812059,296.95238095238096
315,7,8,8,6,1573,1567,1567,100.0,1.982769623484365,297.53164556962025
316,5,3,3,8,1578,1570,1570,100.0,1.980891719745223,297.1608832807571
317,5,5,5,8,1583,1575,1575,100.0,1.9796825396825397,297.1698113207547
318,5,4,4,9,1588,1579,1579,100.0,1.9791006966434452,296.99059561128524
319,6,6,6,9,1594,1585,1585,100.0,1.9779179810725551,297.1875
320,4,6,6,7,1598,1591,1591,100.0,1.9761156505342552,297.38317757009344
321,7,5,5,9,1605,1596,1596,100.0,1.9749373433583959,297.39130434782606
322,5,5,5,9,1610,1601,1601,100.0,1.9731417863835103,297.3993808049536
323,6,3,3,12,1616,1604,1604,100.0,1.9731920199501247,297.037037037037
324,5,5,5,12,1621,1609,1609,100.0,1.9738968303293971,297.04615384615386
325,7,5,5,14,1628,1614,1614,100.0,1.9745972738537794,297.0552147239264
326,7,4,4,17,1635,1618,1618,100.0,1.9758961681087763,296.8807339449541
327,6,5,5,18,1641,1623,1623,100.0,1.977818853974122,296.890243902439
328,4,5,5,17,1645,1628,1628,100.0,1.980958230958231,296.8996960486322
329,6,5,5,18,1651,1633,1633,100.0,1.9840783833435396,296.9090909090909
330,3,5,5,16,1654,1638,1638,100.0,1.9884004884004884,296.9184290030212
331,4,5,5,15,1658,1643,1643,100.0,1.9933049300060863,296.92771084337346
332,5,3,3,17,1663,1646,1646,100.0,1.9963547995139732,296.57657657657654
333,3,5,5,15,1666,1651,1651,100.0,2.0024227740763174,296.58682634730536
334,4,2,2,17,1670,1653,1653,100.0,2.0048396854204475,296.05970149253733
335,6,5,5,18,1676,1658,1658,100.0,2.01145958986731,296.07142857142856
336,4,4,4,18,1680,1662,1662,100.0,2.0162454873646207,295.9050445103858
337,6,5,5,19,1686,1667,1667,100.0,2.0221955608878224,295.9171597633136
338,7,5,5,21,1693,1672,1672,100.0,2.026913875598086,295.92920353982305
339,5,5,5,21,1698,1677,1677,100.0,2.032200357781753,295.94117647058823
340,6,6,6,21,1704,1683,1683,100.0,2.037433155080214,296.1290322580645
341,6,4,4,23,1710,1687,1687,100.0,2.04149377593361,295.96491228070175
342,5,5,5,23,1715,1692,1692,100.0,2.0472813238770686,295.97667638483966
343,6,6,6,23,1721,1698,1698,100.0,2.0547703180212014,296.16279069767444
344,5,5,5,23,1726,1703,1703,100.0,2.0604815032295947,296.17391304347825
345,5,5,5,23,1731,1708,1708,100.0,2.066744730679157,296.1849710982659
346,6,3,3,26,1737,1711,1711,100.0,2.0713033313851548,295.850144092219
347,4,4,4,26,1741,1715,1715,100.0,2.078134110787172,295.6896551724138
348,3,4,4,25,1744,1719,1719,100.0,2.084933100639907,295.53008595988535
349,4,5,5,24,1748,1724,1724,100.0,2.0945475638051043,295.54285714285714
350,6,5,5,25,1754,1729,1729,100.0,2.1041064198958934,295.55555555555554
351,4,5,5,24,1758,1734,1734,100.0,2.1136101499423297,295.5681818181818
352,6,4,4,26,1764,1738,1738,100.0,2.1219792865362486,295.41076487252127
353,4,6,6,24,1768,1744,1744,100.0,2.1336009174311927,295.59322033898303
354,5,6,6,23,1773,1750,1750,100.0,2.1422857142857143,295.7746478873239
355,5,6,6,22,1778,1756,1756,100.0,2.1509111617312073,295.9550561797753
356,4,5,5,21,1782,1761,1761,100.0,2.157296990346394,295.96638655462186
357,5,4,4,22,1787,1765,1765,100.0,2.1631728045325778,295.8100558659218
358,3,6,6,19,1790,1771,1771,100.0,2.171089779785432,295.9888579387187
359,5,4,4,20,1795,1775,1775,100.0,2.176338028169014,295.8333333333333
360,5,6,6,19,1800,1781,1781,100.0,2.1841661987647387,296.01108033240996
361,3,4,4,18,1803,1785,1785,100.0,2.188795518207283,295.8563535911602
362,4,6,6,16,1807,1791,1791,100.0,2.1954215522054716,296.0330578512397
363,5,6,6,15,1812,1797,1797,100.0,2.2003338898163607,296.20879120879124
364,4,4,4,15,1816,1801,1801,100.0,2.203775680177679,296.05479452054794
365,5,5,5,15,1821,1806,1806,100.0,2.2070874861572536,296.0655737704918
366,6,5,5,16,1827,1811,1811,100.0,2.2098288238542243,296.07629427792915
367,5,5,5,16,1832,1816,1816,100.0,2.212555066079295,296.0869565217391
368,6,6,6,16,1838,1822,1822,100.0,2.2145993413830953,296.26016260162606
369,3,3,3,16,1841,1825,1825,100.0,2.215890410958904,295.94594594594594
370,6,6,6,16,1847,1831,1831,100.0,2.2195521572910977,296.1185983827493
371,4,3,3,17,1851,1834,1834,100.0,2.2213740458015265,295.8064516129032
372,5,6,6,16,1856,1840,1840,100.0,2.226086956521739,295.97855227882036
373,7,6,6,17,1863,1846,1846,100.0,2.229144095341278,296.14973262032083
374,5,4,4,18,1868,1850,1850,100.0,2.231351351351351,296.0
375,5,5,5,18,1873,1855,1855,100.0,2.2339622641509433,296.01063829787233
376,4,7,7,15,1877,1862,1862,100.0,2.2373791621911923,296.3395225464191
377,7,6,6,16,1884,1868,1868,100.0,2.2403640256959316,296.5079365079365
378,4,6,6,14,1888,1874,1874,100.0,2.2422625400213447,296.67546174142484
379,6,5,5,15,1894,1879,1879,100.0,2.243214475784992,296.68421052631584
380,6,6,6,15,1900,1885,1885,100.0,2.2450928381962867,296.85039370078744
381,6,6,6,15,1906,1891,1891,100.0,2.2459016393442623,297.0157068062827
382,5,3,3,17,1911,1894,1894,100.0,2.2470960929250263,296.710182767624
383,5,4,4,18,1916,1898,1898,100.0,2.24868282402529,296.5625
384,4,7,7,15,1920,1905,1905,100.0,2.2524934383202098,296.8831168831169
385,7,6,6,16,1927,1911,1911,100.0,2.2553636839351126,297.0466321243523
386,5,6,6,15,1932,1917,1917,100.0,2.25717266562337,297.2093023255814
387,5,5,5,15,1937,1922,1922,100.0,2.2580645161290325,297.21649484536084
388,4,5,5,14,1941,1927,1927,100.0,2.2599896211728074,297.2236503856041
389,5,4,4,15,1946,1931,1931,100.0,2.2615225271879855,297.0769230769231
390,5,5,5,15,1951,1936,1936,100.0,2.2639462809917354,297.0843989769821
391,7,6,6,16,1958,1942,1942,100.0,2.266220391349125,297.2448979591837
392,5,5,5,16,1963,1947,1947,100.0,2.2675911658962504,297.25190839694653
393,5,5,5,16,1968,1952,1952,100.0,2.268954918032787,297.25888324873097
394,4,5,5,15,1972,1957,1957,100.0,2.2708226877874296,297.2658227848101
395,4,4,4,15,1976,1961,1961,100.0,2.272819989801122,297.1212121212121
396,6,5,5,16,1982,1966,1966,100.0,2.2756866734486265,297.1284634760705
397,3,5,5,14,1985,1971,1971,100.0,2.278538812785388,297.1356783919598
398,6,6,6,14,1991,1977,1977,100.0,2.2807283763277693,297.29323308270676
399,6,5,5,15,1997,1982,1982,100.0,2.282542885973764,297.3
400,4,4,4,15,2001,1986,1986,100.0,2.283484390735146,297.1571072319202
401,5,5,5,15,2006,1991,1991,100.0,2.285283776996484,297.1641791044776
402,6,6,6,15,2012,1997,1997,100.0,2.2874311467200803,297.32009925558316
403,5,4,4,16,2017,2001,2001,100.0,2.288855572213893,297.17821782178214
404,5,5,5,16,2022,2006,2006,100.0,2.290628115653041,297.18518518518516
405,5,4,4,17,2027,2010,2010,100.0,2.292039800995025,297.04433497536945
406,5,4,4,18,2032,2014,2014,100.0,2.2944389275074477,296.90417690417695
407,4,5,5,17,2036,2019,2019,100.0,2.2976721149083703,296.9117647058823
408,5,5,5,17,2041,2024,2024,100.0,2.300889328063241,296.919315403423
409,5,4,4,18,2046,2028,2028,100.0,2.3037475345167655,296.780487804878
410,5,6,6,17,2051,2034,2034,100.0,2.3077679449360864,296.9343065693431
411,4,3,3,18,2055,2037,2037,100.0,2.309769268532155,296.6504854368932
412,3,5,5,16,2058,2042,2042,100.0,2.313418217433888,296.65859564164646
413,5,5,5,16,2063,2047,2047,100.0,2.3170493404982904,296.6666666666667
414,6,2,2,20,2069,2049,2049,100.0,2.3186920448999513,296.2409638554217
415,5,7,7,18,2074,2056,2056,100.0,2.3249027237354087,296.53846153846155
416,4,5,5,17,2078,2061,2061,100.0,2.3275109170305677,296.5467625899281
417,4,4,4,17,2082,2065,2065,100.0,2.329782082324455,296.41148325358853
418,5,6,6,16,2087,2071,2071,100.0,2.3336552390149685,296.563245823389
419,7,5,5,18,2094,2076,2076,100.0,2.336705202312139,296.57142857142856
420,7,5,5,20,2101,2081,2081,100.0,2.339259971167708,296.5795724465558
421,7,5,5,22,2108,2086,2086,100.0,2.3413231064237774,296.58767772511845
422,5,5,5,22,2113,2091,2091,100.0,2.34337637494022,296.59574468085106
423,8,6,6,24,2121,2097,2097,100.0,2.346685741535527,296.74528301886795
424,4,6,6,22,2125,2103,2103,100.0,2.350451735615787,296.8941176470588
425,5,5,5,22,2130,2108,2108,100.0,2.3543643263757117,296.9014084507042
426,6,5,5,23,2136,2113,2113,100.0,2.3582584003786087,296.90866510538643
427,5,5,5,23,2141,2118,2118,100.0,2.362134088762984,296.9158878504673
428,5,5,5,23,2146,2123,2123,100.0,2.367404616109279,296.9230769230769
429,3,6,6,20,2149,2129,2129,100.0,2.372945044621888,297.06976744186045
430,4,4,4,20,2153,2133,2133,100.0,2.3764650726676044,296.937354988399
431,5,5,5,20,2158,2138,2138,100.0,2.381665107577175,296.94444444444446
432,4,6,6,18,2162,2144,2144,100.0,2.3875932835820897,297.09006928406467
433,4,5,5,17,2166,2149,2149,100.0,2.392275476966031,297.09677419354836
434,4,5,5,16,2170,2154,2154,100.0,2.395543175487465,297.10344827586204
435,5,4,4,17,2175,2158,2158,100.0,2.3985171455050973,296.9724770642202
436,6,5,5,18,2181,2163,2163,100.0,2.4017568192325474,296.97940503432494
437,3,3,3,18,2184,2166,2166,100.0,2.4039704524469068,296.71232876712327
438,5,5,5,18,2189,2171,2171,100.0,2.407185628742515,296.71981776765375
439,5,5,5,18,2194,2176,2176,100.0,2.4103860294117645,296.72727272727275
440,5,6,6,17,2199,2182,2182,100.0,2.4142988084326307,296.87074829931976
441,4,4,4,17,2203,2186,2186,100.0,2.416285452881976,296.7420814479638
442,4,5,5,16,2207,2191,2191,100.0,2.4189867640346874,296.74943566591423
443,6,5,5,17,2213,2196,2196,100.0,2.4216757741347905,296.7567567567567
444,2,3,3,16,2215,2199,2199,100.0,2.4238290131878126,296.4943820224719
445,4,4,4,16,2219,2203,2203,100.0,2.426690876078075,296.3677130044843
446,5,5,5,16,2224,2208,2208,100.0,2.429800724637681,296.3758389261745
447,5,6,6,15,2229,2214,2214,100.0,2.4336043360433606,296.5178571428571
448,4,4,4,15,2233,2218,2218,100.0,2.435076645626691,296.39198218262806
449,5,3,3,17,2238,2221,2221,100.0,2.4362899594777128,296.1333333333333
450,5,5,5,17,2243,2226,2226,100.0,2.438903863432165,296.1419068736142
451,5,7,7,15,2248,2233,2233,100.0,2.4420062695924765,296.4159292035398
452,4,7,7,12,2252,2240,2240,100.0,2.442857142857143,296.68874172185434
453,5,4,4,13,2257,2244,2244,100.0,2.443404634581105,296.56387665198235
454,5,4,4,14,2262,2248,2248,100.0,2.4443950177935942,296.43956043956047
455,4,5,5,13,2266,2253,2253,100.0,2.445184198845983,296.44736842105266
456,6,4,4,15,2272,2257,2257,100.0,2.446167478954364,296.3238512035011
457,6,6,6,15,2278,2263,2263,100.0,2.4471939902783917,296.46288209606985
458,6,6,6,15,2284,2269,2269,100.0,2.4473336271485238,296.60130718954247
459,6,3,3,18,2290,2272,2272,100.0,2.44806338028169,296.3478260869565
460,5,4,4,19,2295,2276,2276,100.0,2.4490333919156413,296.2255965292842
461,5,4,4,20,2300,2280,2280,100.0,2.450877192982456,296.10389610389615
462,5,7,7,18,2305,2287,2287,100.0,2.454306952339309,296.37149028077755
463,5,5,5,18,2310,2292,2292,100.0,2.4568062827225132,296.37931034482756
464,5,5,5,18,2315,2297,2297,100.0,2.459294732259469,296.38709677419354
465,5,5,5,18,2320,2302,2302,100.0,2.461772371850565,296.39484978540776
466,6,7,7,17,2326,2309,2309,100.0,2.4647033347769596,296.6595289079229
467,5,6,6,16,2331,2315,2315,100.0,2.466522678185745,296.7948717948718
468,4,5,5,15,2335,2320,2320,100.0,2.4676724137931036,296.80170575692966
469,6,6,6,15,2341,2326,2326,100.0,2.4690455717970767,296.936170212766
470,5,6,6,14,2346,2332,2332,100.0,2.469982847341338,297.0700636942675
471,5,6,6,13,2351,2338,2338,100.0,2.470059880239521,297.2033898305085
472,5,5,5,13,2356,2343,2343,100.0,2.470337174562527,297.2093023255814
473,5,2,2,16,2361,2345,2345,100.0,2.470788912579957,296.8354430379747
474,5,1,1,20,2366,2346,2346,100.0,2.471440750213129,296.33684210526314
475,3,5,5,18,2369,2351,2351,100.0,2.4746916205869844,296.34453781512605
476,5,4,4,19,2374,2355,2355,100.0,2.4772823779193205,296.2264150943396
477,4,6,6,17,2378,2361,2361,100.0,2.4815756035578147,296.35983263598325
478,5,7,7,15,2383,2368,2368,100.0,2.4852195945945947,296.61795407098117
479,5,5,5,15,2388,2373,2373,100.0,2.4867256637168142,296.625
480,7,5,5,17,2395,2378,2378,100.0,2.4882253994953745,296.63201663201664
481,4,5,5,16,2399,2383,2383,100.0,2.4892992026856904,296.6390041493776
482,5,4,4,17,2404,2387,2387,100.0,2.4901550062840387,296.52173913043475
483,5,4,4,18,2409,2391,2391,100.0,2.491426181514011,296.40495867768595
484,6,5,5,19,2415,2396,2396,100.0,2.4941569282136893,296.41237113402065
485,5,5,5,19,2420,2401,2401,100.0,2.496459808413161,296.41975308641975
486,5,6,6,18,2425,2407,2407,100.0,2.498961362692148,296.55030800821356
487,4,4,4,18,2429,2411,2411,100.0,2.5006221484861055,296.4344262295082
488,6,5,5,19,2435,2416,2416,100.0,2.5033112582781456,296.44171779141107
489,4,5,5,18,2439,2421,2421,100.0,2.5059892606361007,296.44897959183675
490,5,3,3,20,2444,2424,2424,100.0,2.507838283828383,296.21181262729124
491,5,6,6,19,2449,2430,2430,100.0,2.511522633744856,296.3414634146342
492,5,6,6,18,2454,2436,2436,100.0,2.5147783251231526,296.47058823529414
493,4,5,5,17,2458,2441,2441,100.0,2.5170012290045065,296.47773279352225
494,5,5,5,17,2463,2446,2446,100.0,2.5192150449713817,296.4848484848485
495,6,6,6,17,2469,2452,2452,100.0,2.5216150081566067,296.61290322580646
496,7,6,6,18,2476,2458,2458,100.0,2.5235964198535394,296.7404426559356
497,5,5,5,18,2481,2463,2463,100.0,2.5245635403978888,296.7469879518072
498,6,5,5,19,2487,2468,2468,100.0,2.5255267423014587,296.75350701402806
499,5,6,6,18,2492,2474,2474,100.0,2.5270816491511723,296.88
500,5,4,4,19,2497,2478,2478,100.0,2.5286521388216303,296.76646706586826
501,5,6,6,18,2502,2484,2484,100.0,2.530998389694042,296.8924302788845
502,5,5,5,18,2507,2489,2489,100.0,2.5331458417034955,296.89860834990054
503,6,5,5,19,2513,2494,2494,100.0,2.5352846832397753,296.9047619047619
504,6,5,5,20,2519,2499,2499,100.0,2.5374149659863945,296.91089108910893
505,4,6,6,18,2523,2505,2505,100.0,2.5397205588822356,297.0355731225296
506,4,3,3,19,2527,2508,2508,100.0,2.5410685805422646,296.8047337278107
507,4,4,4,19,2531,2512,2512,100.0,2.5433917197452227,296.6929133858268
508,5,5,5,19,2536,2517,2517,100.0,2.5466825586015096,296.69941060903733
509,5,6,6,18,2541,2523,2523,100.0,2.550931430836306,296.8235294117647
510,5,5,5,18,2546,2528,2528,100.0,2.5534018987341773,296.82974559686886
511,5,6,6,17,2551,2534,2534,100.0,2.5556432517758485,296.953125
512,3,5,5,15,2554,2539,2539,100.0,2.557306025994486,296.9590643274854
513,3,5,5,13,2557,2544,2544,100.0,2.5589622641509435,296.9649805447471
514,5,6,6,12,2562,2550,2550,100.0,2.56078431372549,297.08737864077665
515,6,5,5,13,2568,2555,2555,100.0,2.5616438356164384,297.093023255814
516,4,5,5,12,2572,2560,2560,100.0,2.561328125,297.0986460348163
517,4,5,5,11,2576,2565,2565,100.0,2.5610136452241714,297.10424710424707
518,6,4,4,13,2582,2569,2569,100.0,2.561307901907357,296.9942196531792
519,6,6,6,13,2588,2575,2575,100.0,2.5611650485436894,297.1153846153846
520,4,6,6,11,2592,2581,2581,100.0,2.560247965904688,297.23608445297504
521,6,5,5,12,2598,2586,2586,100.0,2.5595514307811293,297.2413793103448
522,4,4,4,12,2602,2590,2590,100.0,2.5594594594594593,297.131931166348
523,4,6,6,10,2606,2596,2596,100.0,2.5589368258859784,297.25190839694653
524,4,5,5,9,2610,2601,2601,100.0,2.558631295655517,297.25714285714287
525,4,5,5,8,2614,2606,2606,100.0,2.557943207981581,297.2623574144487
526,5,7,7,6,2619,2613,2613,100.0,2.555300420972063,297.4952561669829
527,4,6,6,4,2623,2619,2619,100.0,2.552119129438717,297.6136363636364
528,5,5,5,4,2628,2624,2624,100.0,2.548780487804878,297.6181474480151
529,5,5,5,4,2633,2629,2629,100.0,2.5454545454545454,297.622641509434
530,5,6,6,3,2638,2635,2635,100.0,2.541176470588235,297.7401129943503
531,5,6,6,2,2643,2641,2641,100.0,2.536539189700871,297.8571428571429
532,4,5,5,1,2647,2646,2646,100.0,2.5325018896447467,297.8611632270169
533,4,5,5,0,2651,2651,2651,100.0,2.5281026027913995,297.86516853932585
534,6,5,5,1,2657,2656,2656,100.0,2.523343373493976,297.86915887850466
535,5,4,4,2,2662,2660,2660,100.0,2.5199248120300752,297.76119402985074
536,5,3,3,4,2667,2663,2663,100.0,2.517837025910627,297.5418994413408
537,4,5,5,3,2671,2668,2668,100.0,2.514617691154423,297.546468401487
538,6,8,8,1,2677,2676,2676,100.0,2.508221225710015,297.88497217068647
539,4,6,5,0,2681,2681,2681,100.0,2.503916449086162,297.8888888888889
540,5,5,5,0,2686,2686,2686,100.0,2.4992553983618766,297.8927911275416
541,5,5,5,0,2691,2691,2691,100.0,2.494611668524712,297.8966789667897
542,5,5,5,0,2696,2696,2696,100.0,2.489985163204748,297.90055248618785
543,4,3,3,1,2700,2699,2699,100.0,2.487217487958503,297.6838235294117
544,6,5,5,2,2706,2704,2704,100.0,2.4829881656804735,297.6880733944954
545,4,5,5,1,2710,2709,2709,100.0,2.479143595422665,297.6923076923077
546,6,5,5,2,2716,2714,2714,100.0,2.4749447310243182,297.6965265082267
547,4,6,6,0,2720,2720,2720,100.0,2.470220588235294,297.81021897810217
548,7,5,5,2,2727,2725,2725,100.0,2.4656880733944955,297.8142076502732
549,6,6,6,2,2733,2731,2731,100.0,2.4610032954961554,297.92727272727274
550,6,6,6,2,2739,2737,2737,100.0,2.4563390573620754,298.0399274047187
551,6,6,6,2,2745,2743,2743,100.0,2.4516952242070724,298.1521739130435
552,4,6,6,0,2749,2749,2749,100.0,2.447071662422699,298.26401446654614
553,4,4,4,0,2753,2753,2753,100.0,2.4435161641845258,298.1588447653429
554,6,6,6,0,2759,2759,2759,100.0,2.438202247191011,298.2702702702703
555,6,5,5,1,2765,2764,2764,100.0,2.433791606367583,298.27338129496405
556,4,5,5,0,2769,2769,2769,100.0,2.429758035391838,298.27648114901257
557,5,5,5,0,2774,2774,2774,100.0,2.425378514780101,298.2795698924731
558,6,5,5,1,2780,2779,2779,100.0,2.421014753508456,298.2826475849732
559,5,4,4,2,2785,2783,2783,100.0,2.417894358605821,298.17857142857144
560,5,5,5,2,2790,2788,2788,100.0,2.4142754662840744,298.1818181818182
561,4,5,5,1,2794,2793,2793,100.0,2.410669530970283,298.1850533807829
562,5,5,5,1,2799,2798,2798,100.0,2.406719085060758,298.1882770870338
563,7,5,5,3,2806,2803,2803,100.0,2.4027827327863003,298.19148936170217
564,5,3,3,5,2811,2806,2806,100.0,2.4012829650748397,297.98230088495575
565,4,5,5,4,2815,2811,2811,100.0,2.398790466026325,297.9858657243816
566,4,6,6,2,2819,2817,2817,100.0,2.395101171458999,298.0952380952381
567,5,6,6,1,2824,2823,2823,100.0,2.3907190931633013,298.20422535211264
568,5,5,5,1,2829,2828,2828,100.0,2.386845827439887,298.207381370826
569,5,5,5,1,2834,2833,2833,100.0,2.3829862336745498,298.2105263157895
570,7,3,3,5,2841,2836,2836,100.0,2.380818053596615,298.0035026269702
571,3,4,4,4,2844,2840,2840,100.0,2.37887323943662,297.9020979020979
572,5,6,6,3,2849,2846,2846,100.0,2.3756148981026,298.0104712041885
573,5,5,5,3,2854,2851,2851,100.0,2.3725008768853035,298.01393728222996
574,6,6,6,3,2860,2857,2857,100.0,2.3685684284214212,298.1217391304348
575,5,6,6,2,2865,2863,2863,100.0,2.3646524624519736,298.22916666666663
576,5,4,4,3,2870,2867,2867,100.0,2.3620509243111267,298.12824956672443
577,6,5,5,4,2876,2872,2872,100.0,2.358983286908078,298.13148788927333
578,5,6,6,3,2881,2878,2878,100.0,2.355455177206393,298.2383419689119
579,3,4,4,2,2884,2882,2882,100.0,2.35322692574601,298.1379310344828
580,4,5,5,1,2888,2887,2887,100.0,2.3498441288534813,298.1411359724613
581,5,3,3,3,2893,2890,2890,100.0,2.347750865051903,297.9381443298969
582,4,4,4,3,2897,2894,2894,100.0,2.3455425017277127,297.83876500857633
583,7,7,7,3,2904,2901,2901,100.0,2.3409169251982074,298.04794520547944
584,5,5,5,3,2909,2906,2906,100.0,2.33792154163799,298.05128205128204
585,4,3,3,4,2913,2909,2909,100.0,2.3365417669302166,297.84982935153585
586,5,4,4,5,2918,2913,2913,100.0,2.33470648815654,297.75127768313456
587,5,3,3,7,2923,2916,2916,100.0,2.3333333333333335,297.5510204081633
588,4,5,5,6,2927,2921,2921,100.0,2.331735706949675,297.55517826825127
589,5,5,5,6,2932,2926,2926,100.0,2.3301435406698565,297.5593220338983
590,4,6,6,4,2936,2932,2932,100.0,2.327762619372442,297.6649746192893
591,4,6,6,2,2940,2938,2938,100.0,2.324370319945541,297.77027027027026
592,5,4,4,3,2945,2942,2942,100.0,2.321889870836166,297.67284991568295
593,5,5,5,3,2950,2947,2947,100.0,2.318968442483882,297.67676767676767
594,6,5,5,4,2956,2952,2952,100.0,2.3160569105691056,297.6806722689076
595,7,6,6,5,2963,2958,2958,100.0,2.312711291413117,297.7852348993288
596,5,6,6,4,2968,2964,2964,100.0,2.3097165991902835,297.8894472361809
597,7,7,7,4,2975,2971,2971,100.0,2.305621003029283,298.09364548494983
598,4,4,4,4,2979,2975,2975,100.0,2.3038655462184874,297.9966611018364
599,6,4,4,6,2985,2979,2979,100.0,2.302114803625378,297.9
600,4,5,5,5,2989,2984,2984,100.0,2.2999329758713136,297.9034941763727
601,5,5,5,5,2994,2989,2989,100.0,2.2980930076948813,297.90697674418607
602,4,4,4,5,2998,2993,2993,100.0,2.2963581690611425,297.81094527363183
603,4,4,4,5,3002,2997,2997,100.0,2.2949616282949616,297.7152317880795
604,7,5,5,7,3009,3002,3002,100.0,2.2931379080612926,297.71900826446284
605,6,5,5,8,3015,3007,3007,100.0,2.2909876953774524,297.7227722772277
606,5,4,4,9,3020,3011,3011,100.0,2.289936898040518,297.6276771004942
607,2,4,4,7,3022,3015,3015,100.0,2.28955223880597,297.5328947368421
608,3,3,3,7,3025,3018,3018,100.0,2.289264413518887,297.3399014778325
609,4,6,6,5,3029,3024,3024,100.0,2.2886904761904763,297.44262295081967
610,5,6,6,4,3034,3030,3030,100.0,2.286138613861386,297.5450081833061
611,5,6,6,3,3039,3036,3036,100.0,2.2829380764163374,297.6470588235294
612,4,6,6,1,3043,3042,3042,100.0,2.2794214332675873,297.7487765089723
613,6,4,4,3,3049,3046,3046,100.0,2.2767564018384765,297.6547231270358
614,6,6,6,3,3055,3052,3052,100.0,2.2732634338138924,297.7560975609756
615,4,4,4,3,3059,3056,3056,100.0,2.2712696335078535,297.6623376623376
616,4,5,5,2,3063,3061,3061,100.0,2.2685396929108133,297.6661264181523
617,5,4,4,3,3068,3065,3065,100.0,2.266231647634584,297.5728155339806
618,5,6,6,2,3073,3071,3071,100.0,2.262780853142299,297.67366720516964
619,6,7,7,1,3079,3078,3078,100.0,2.2582846003898633,297.8709677419355
620,6,4,4,3,3085,3082,3082,100.0,2.255678131083712,297.77777777777777
621,7,4,4,6,3092,3086,3086,100.0,2.2537265068049255,297.6848874598071
622,6,5,5,7,3098,3091,3091,100.0,2.2516984794564867,297.6886035313002
623,5,3,3,9,3103,3094,3094,100.0,2.250808015513898,297.5
624,5,3,3,11,3108,3097,3097,100.0,2.2505650629641587,297.31199999999995
625,6,7,7,10,3114,3104,3104,100.0,2.25,297.50798722044726
626,4,5,5,9,3118,3109,3109,100.0,2.249276294628498,297.511961722488
627,4,4,4,9,3122,3113,3113,100.0,2.248955991005461,297.4203821656051
628,6,5,5,10,3128,3118,3118,100.0,2.2488774855676716,297.42448330683624
629,7,5,5,12,3135,3123,3123,100.0,2.2481588216458532,297.42857142857144
630,6,5,5,13,3141,3128,3128,100.0,2.247762148337596,297.43264659271
631,6,5,5,14,3147,3133,3133,100.0,2.2473667411426748,297.4367088607595
632,5,5,5,14,3152,3138,3138,100.0,2.2476099426386233,297.4407582938389
633,4,6,6,12,3156,3144,3144,100.0,2.2480916030534353,297.5394321766562
634,6,6,6,12,3162,3150,3150,100.0,2.2485714285714287,297.6377952755906
635,7,6,6,13,3169,3156,3156,100.0,2.2487325728770595,297.73584905660374
636,5,5,5,13,3174,3161,3161,100.0,2.2483391331857008,297.73940345368914
637,4,5,5,12,3178,3166,3166,100.0,2.248262792166772,297.742946708464
638,4,7,7,9,3182,3173,3173,100.0,2.248660573589663,297.9342723004695
639,5,5,5,9,3187,3178,3178,100.0,2.2485840151038388,297.9375
640,6,3,3,12,3193,3181,3181,100.0,2.2483495756051557,297.75351014040564
641,3,6,6,9,3196,3187,3187,100.0,2.2481957954188894,297.85046728971963
642,5,5,5,9,3201,3192,3192,100.0,2.2478070175438596,297.8538102643857
643,4,5,5,8,3205,3197,3197,100.0,2.247419455739756,297.8571428571429
644,7,6,6,9,3212,3203,3203,100.0,2.2463315641586012,297.953488372093
645,5,5,5,9,3217,3208,3208,100.0,2.2450124688279303,297.9566563467492
646,5,3,3,11,3222,3211,3211,100.0,2.2447835565244474,297.774343122102
647,5,6,6,10,3227,3217,3217,100.0,2.2446378613615168,297.8703703703704
648,3,4,4,9,3230,3221,3221,100.0,2.2443340577460416,297.7812018489985
649,4,4,4,9,3234,3225,3225,100.0,2.244341085271318,297.6923076923077
650,5,3,3,11,3239,3228,3228,100.0,2.244733581164808,297.5115207373272
651,6,6,6,11,3245,3234,3234,100.0,2.2448979591836733,297.60736196319016
652,5,3,3,13,3250,3237,3237,100.0,2.2446709916589436,297.427258805513
653,4,6,6,11,3254,3243,3243,100.0,2.244835029293864,297.5229357798165
654,2,5,5,8,3256,3248,3248,100.0,2.2450738916256157,297.5267175572519
655,4,6,6,6,3260,3254,3254,100.0,2.2452366318377384,297.6219512195122
656,4,5,5,5,3264,3259,3259,100.0,2.243939858852409,297.6255707762557
657,6,7,7,4,3270,3266,3266,100.0,2.2409675443968156,297.81155015197567
658,5,5,5,4,3275,3271,3271,100.0,2.2387649036991744,297.81487101669194
659,4,6,6,2,3279,3277,3277,100.0,2.235886481537992,297.9090909090909
660,4,4,4,2,3283,3281,3281,100.0,2.23377019201463,297.82148260211795
661,5,3,3,4,3288,3284,3284,100.0,2.232338611449452,297.64350453172204
662,5,6,6,3,3293,3290,3290,100.0,2.229483282674772,297.73755656108597
663,5,3,3,5,3298,3293,3293,100.0,2.2283631946553295,297.56024096385545
664,5,6,6,4,3303,3299,3299,100.0,2.2258260078811762,297.65413533834584
665,3,4,4,3,3306,3303,3303,100.0,2.224341507720254,297.5675675675676
666,6,5,5,4,3312,3308,3308,100.0,2.2218863361547765,297.5712143928036
667,5,7,7,2,3317,3315,3315,100.0,2.218401206636501,297.7544910179641
668,5,6,6,1,3322,3321,3321,100.0,2.2149954832881664,297.84753363228697
669,8,5,5,4,3330,3326,3326,100.0,2.2119663259170173,297.85074626865674
670,4,5,5,3,3334,3331,3331,100.0,2.2098468928249777,297.8539493293591
671,5,4,4,4,3339,3335,3335,100.0,2.208095952023988,297.7678571428571
672,4,7,7,1,3343,3342,3342,100.0,2.2046678635547576,297.94947994056463
673,5,4,4,2,3348,3346,3346,100.0,2.2023311416616855,297.86350148367956
674,6,5,5,3,3354,3351,3351,100.0,2.1996418979409134,297.8666666666667
675,5,6,6,2,3359,3357,3357,100.0,2.196604110813226,297.9585798816568
676,4,5,5,1,3363,3362,3362,100.0,2.193932183224271,297.9615952732644
677,7,5,5,3,3370,3367,3367,100.0,2.190971190971191,297.9646017699115
678,5,4,4,4,3375,3371,3371,100.0,2.1892613467813704,297.87923416789397
679,5,5,5,4,3380,3376,3376,100.0,2.1872037914691944,297.88235294117646
680,5,6,6,3,3385,3382,3382,100.0,2.1845062093435836,297.9735682819383
681,3,6,6,0,3388,3388,3388,100.0,2.1815230224321134,298.06451612903226
682,5,5,5,0,3393,3393,3393,100.0,2.1783082817565576,298.06734992679355
683,4,6,4,0,3397,3397,3397,100.0,2.175743302914336,297.98245614035085
684,6,6,6,0,3403,3403,3403,100.0,2.1719071407581545,298.0729927007299
685,3,6,3,0,3406,3406,3406,100.0,2.169994128009395,297.90087463556847
686,5,3,3,2,3411,3409,3409,100.0,2.16808448225286,297.72925764192144
687,5,5,5,2,3416,3414,3414,100.0,2.165495020503808,297.7325581395349
688,6,5,5,3,3422,3419,3419,100.0,2.1629131324948814,297.73584905660374
689,5,6,6,2,3427,3425,3425,100.0,2.16,297.82608695652175
690,6,2,2,6,3433,3427,3427,100.0,2.1593230230522322,297.56874095513746
691,5,5,5,6,3438,3432,3432,100.0,2.1576340326340326,297.57225433526014
692,3,5,5,4,3441,3437,3437,100.0,2.1562409077684026,297.57575757575756
693,6,4,4,6,3447,3441,3441,100.0,2.155187445510026,297.492795389049
694,5,4,4,7,3452,3445,3445,100.0,2.1538461538461537,297.41007194244605
695,4,6,6,5,3456,3451,3451,100.0,2.152419588525065,297.5
696,4,5,5,4,3460,3456,3456,100.0,2.1510416666666665,297.5035868005739
697,3,7,7,0,3463,3463,3463,100.0,2.1478486861103088,297.6790830945559
698,6,5,5,1,3469,3468,3468,100.0,2.1447520184544406,297.6824034334764
699,6,4,4,3,3475,3472,3472,100.0,2.142569124423963,297.6
700,6,5,5,4,3481,3477,3477,100.0,2.1403508771929824,297.60342368045644
701,5,5,5,4,3486,3482,3482,100.0,2.138426191843768,297.60683760683764
702,4,6,6,2,3490,3488,3488,100.0,2.135894495412844,297.69559032716927
703,5,6,6,1,3495,3494,3494,100.0,2.1327990841442475,297.7840909090909
704,5,6,6,0,3500,3500,3500,100.0,2.1294285714285714,297.8723404255319
705,5,7,5,0,3505,3505,3505,100.0,2.1263908701854493,297.8753541076487
706,3,6,3,0,3508,3508,3508,100.0,2.1245724059293045,297.7086280056577
707,6,4,4,2,3514,3512,3512,100.0,2.1221526195899774,297.62711864406776
708,7,6,6,3,3521,3518,3518,100.0,2.11910176236498,297.7150916784203
709,6,5,5,4,3527,3523,3523,100.0,2.1169457848424638,297.71830985915494
710,5,5,5,4,3532,3528,3528,100.0,2.115079365079365,297.72151898734177
711,5,6,6,3,3537,3534,3534,100.0,2.11262026032824,297.80898876404495
712,5,4,4,4,3542,3538,3538,100.0,2.111079706048615,297.72791023842916
713,6,6,6,4,3548,3544,3544,100.0,2.1086343115124153,297.8151260504202
714,6,6,6,4,3554,3550,3550,100.0,2.1061971830985917,297.9020979020979
715,5,4,4,5,3559,3554,3554,100.0,2.1049521665728754,297.8212290502793
716,4,3,3,6,3563,3557,3557,100.0,2.1040202417767784,297.6569037656904
717,5,5,5,6,3568,3562,3562,100.0,2.1030320044918587,297.6601671309192
718,5,2,2,9,3573,3564,3564,100.0,2.1026936026936025,297.413073713491
719,4,6,6,7,3577,3570,3570,100.0,2.1019607843137256,297.5
720,4,5,5,6,3581,3575,3575,100.0,2.101258741258741,297.50346740638
721,4,6,6,4,3585,3581,3581,100.0,2.0999720748394304,297.590027700831
722,5,5,5,4,3590,3586,3586,100.0,2.098159509202454,297.5933609958506
723,7,7,7,4,3597,3593,3593,100.0,2.0951850821040914,297.76243093922653
724,5,4,4,5,3602,3597,3597,100.0,2.093967194884626,297.68275862068964
725,5,6,6,4,3607,3603,3603,100.0,2.0918678878712185,297.7685950413223
726,5,5,5,4,3612,3608,3608,100.0,2.0900776053215075,297.7716643741403
727,6,5,5,5,3618,3613,3613,100.0,2.088292277885414,297.77472527472526
728,7,5,5,7,3625,3618,3618,100.0,2.0867882808181317,297.77777777777777
729,7,5,5,9,3632,3623,3623,100.0,2.08528843499862,297.7808219178082
730,6,4,4,11,3638,3627,3627,100.0,2.0846429556106973,297.7017783857729
731,4,5,5,10,3642,3632,3632,100.0,2.0845264317180616,297.7049180327869
732,6,5,5,11,3648,3637,3637,100.0,2.0844102282100634,297.7080491132333
733,4,4,4,11,3652,3641,3641,100.0,2.084592145015106,297.6294277929155
734,4,3,3,12,3656,3644,3644,100.0,2.0847969264544455,297.46938775510205
735,5,6,6,11,3661,3650,3650,100.0,2.0857534246575344,297.55434782608694
736,5,3,3,13,3666,3653,3653,100.0,2.0862304954831643,297.39484396200817
737,5,5,5,13,3671,3658,3658,100.0,2.0869327501366866,297.3983739837398
738,7,4,4,16,3678,3662,3662,100.0,2.0876570180229383,297.32070365358595
739,5,7,7,14,3683,3669,3669,100.0,2.0885799945489234,297.4864864864865
740,5,6,6,13,3688,3675,3675,100.0,2.088979591836735,297.57085020242914
741,5,5,5,13,3693,3680,3680,100.0,2.089673913043478,297.5741239892183
742,6,4,4,15,3699,3684,3684,100.0,2.0903908794788273,297.49663526244956
743,6,4,4,17,3705,3688,3688,100.0,2.0913774403470717,297.4193548387097
744,5,5,5,17,3710,3693,3693,100.0,2.0926076360682373,297.4228187919463
745,4,5,5,16,3714,3698,3698,100.0,2.0938345051379126,297.42627345844505
746,4,4,4,16,3718,3702,3702,100.0,2.095083738519719,297.3493975903615
747,5,4,4,17,3723,3706,3706,100.0,2.096869940636805,297.27272727272725
748,5,4,4,18,3728,3710,3710,100.0,2.098921832884097,297.196261682243
749,6,4,4,20,3734,3714,3714,100.0,2.1009693053311795,297.12
750,4,4,4,20,3738,3718,3718,100.0,2.1030123722431413,297.0439414114514
751,6,5,5,21,3744,3723,3723,100.0,2.105560032232071,297.0478723404255
752,5,5,5,21,3749,3728,3728,100.0,2.1081008583690988,297.0517928286853
753,3,5,5,19,3752,3733,3733,100.0,2.1106348781141175,297.0557029177719
754,7,5,5,21,3759,3738,3738,100.0,2.113429641519529,297.05960264900665
755,5,6,6,20,3764,3744,3744,100.0,2.1164529914529915,297.14285714285717
756,6,3,3,23,3770,3747,3747,100.0,2.1179610354950626,296.9881109643329
757,3,5,5,21,3773,3752,3752,100.0,2.121002132196162,296.99208443271766
758,4,6,6,19,3777,3758,3758,100.0,2.1240021287919104,297.07509881422925
759,5,3,3,21,3782,3761,3761,100.0,2.1257644243552245,296.92105263157896
760,4,2,2,23,3786,3763,3763,100.0,2.127292054212065,296.68856767411296
761,5,5,5,23,3791,3768,3768,100.0,2.1313694267515926,296.6929133858268
762,5,6,6,22,3796,3774,3774,100.0,2.13619501854796,296.77588466579294
763,6,5,5,23,3802,3779,3779,100.0,2.13945488224398,296.78010471204186
764,3,6,6,20,3805,3785,3785,100.0,2.143196829590489,296.8627450980392
765,6,5,5,21,3811,3790,3790,100.0,2.145910290237467,296.8668407310705
766,6,4,4,23,3817,3794,3794,100.0,2.1481286241433843,296.79269882659713
767,7,4,4,26,3824,3798,3798,100.0,2.150605581885203,296.71875
768,6,3,3,29,3830,3801,3801,100.0,2.152854511970534,296.5669700910273
769,4,7,7,26,3834,3808,3808,100.0,2.157563025210084,296.72727272727275
770,5,6,6,25,3839,3814,3814,100.0,2.1612480335605664,296.8093385214008
771,5,5,5,25,3844,3819,3819,100.0,2.1644409531290916,296.8134715025907
772,6,5,5,26,3850,3824,3824,100.0,2.1681485355648538,296.81759379042694
773,3,4,4,25,3853,3828,3828,100.0,2.17110762800418,296.74418604651163
774,6,5,5,26,3859,3833,3833,100.0,2.1753195930080875,296.7483870967742
775,3,4,4,25,3862,3837,3837,100.0,2.1785248892363827,296.67525773195877
776,4,5,5,24,3866,3842,3842,100.0,2.182717334721499,296.6795366795367
777,4,4,4,24,3870,3846,3846,100.0,2.1861674466978678,296.60668380462727
778,4,6,6,22,3874,3852,3852,100.0,2.191588785046729,296.6880616174583
779,6,5,5,23,3880,3857,3857,100.0,2.1954887218045114,296.6923076923077
780,5,5,5,23,3885,3862,3862,100.0,2.1996374935266703,296.696542893726
781,4,4,4,23,3889,3866,3866,100.0,2.202534919813761,296.6240409207161
782,4,4,4,23,3893,3870,3870,100.0,2.205426356589147,296.55172413793105
783,4,5,5,22,3897,3875,3875,100.0,2.208774193548387,296.5561224489796
784,6,3,3,25,3903,3878,3878,100.0,2.210933470861269,296.4076433121019
785,5,5,5,25,3908,3883,3883,100.0,2.215039917589493,296.412213740458
786,5,5,5,25,3913,3888,3888,100.0,2.2191358024691357,296.41677255400253
787,4,4,4,25,3917,3892,3892,100.0,2.2222507708119217,296.34517766497464
788,5,6,6,24,3922,3898,3898,100.0,2.2265264238070808,296.42585551330797
789,3,5,5,22,3925,3903,3903,100.0,2.2300794260825008,296.4303797468354
790,6,5,5,23,3931,3908,3908,100.0,2.233623336745138,296.4348925410872
791,6,4,4,25,3937,3912,3912,100.0,2.2364519427402865,296.3636363636364
792,5,3,3,27,3942,3915,3915,100.0,2.23882503192848,296.21689785624216
793,3,6,6,24,3945,3921,3921,100.0,2.2435603162458557,296.29722921914356
794,4,5,5,23,3949,3926,3926,100.0,2.2470708099847174,296.3018867924528
795,4,4,4,23,3953,3930,3930,100.0,2.2498727735368957,296.2311557788945
796,5,4,4,24,3958,3934,3934,100.0,2.2529232333502796,296.1606022584693
797,5,5,5,24,3963,3939,3939,100.0,2.257171871033257,296.16541353383457
798,5,5,5,24,3968,3944,3944,100.0,2.2614097363083165,296.17021276595744
799,7,4,4,27,3975,3948,3948,100.0,2.264437689969605,296.09999999999997
800,5,6,6,26,3980,3954,3954,100.0,2.268588770864947,296.17977528089887
801,6,4,4,28,3986,3958,3958,100.0,2.2713491662455785,296.1097256857856
802,5,6,6,27,3991,3964,3964,100.0,2.275227043390515,296.1892901618929
803,6,5,5,28,3997,3969,3969,100.0,2.2784076593600404,296.19402985074623
804,5,5,5,28,4002,3974,3974,100.0,2.2818319073980877,296.19875776397515
805,5,5,5,28,4007,3979,3979,100.0,2.2854988690625784,296.2034739454094
806,5,5,5,28,4012,3984,3984,100.0,2.289156626506024,296.2081784386617
807,4,6,6,26,4016,3990,3990,100.0,2.293734335839599,296.2871287128713
808,8,3,3,31,4024,3993,3993,100.0,2.2960180315552217,296.1433868974042
809,5,4,4,32,4029,3997,3997,100.0,2.2997247935951965,296.0740740740741
810,6,5,5,33,4035,4002,4002,100.0,2.3043478260869565,296.078914919852
811,6,6,6,33,4041,4008,4008,100.0,2.309630738522954,296.1576354679803
812,5,6,6,32,4046,4014,4014,100.0,2.314648729446936,296.23616236162366
813,3,7,7,28,4049,4021,4021,100.0,2.3198209400646603,296.38820638820636
814,5,6,6,27,4054,4027,4027,100.0,2.3245592252296996,296.4662576687117
815,4,4,4,27,4058,4031,4031,100.0,2.3277102455966263,296.39705882352945
816,5,5,5,27,4063,4036,4036,100.0,2.33201189296333,296.4014687882497
817,5,6,6,26,4068,4042,4042,100.0,2.3372093023255816,296.479217603912
818,3,6,6,23,4071,4048,4048,100.0,2.3421442687747036,296.5567765567766
819,5,5,5,23,4076,4053,4053,100.0,2.3456698741672835,296.5609756097561
820,4,6,6,21,4080,4059,4059,100.0,2.3495934959349594,296.6382460414129
821,3,6,6,18,4083,4065,4065,100.0,2.3530135301353012,296.7153284671533
822,4,5,5,17,4087,4070,4070,100.0,2.3557739557739557,296.71931956257595
823,5,6,6,16,4092,4076,4076,100.0,2.3584396467124633,296.79611650485435
824,5,4,4,17,4097,4080,4080,100.0,2.360049019607843,296.72727272727275
825,4,6,6,15,4101,4086,4086,100.0,2.361722956436613,296.80387409200966
826,6,5,5,16,4107,4091,4091,100.0,2.3627474945001223,296.8077388149939
827,5,3,3,18,4112,4094,4094,100.0,2.3634587200781634,296.6666666666667
828,5,3,3,20,4117,4097,4097,100.0,2.3646570661459605,296.52593486127864
829,6,5,5,21,4123,4102,4102,100.0,2.3664066309117504,296.5301204819277
830,7,4,4,24,4130,4106,4106,100.0,2.3679980516317585,296.4620938628159
831,5,7,7,22,4135,4113,4113,100.0,2.37077558959397,296.6105769230769
832,6,4,4,24,4141,4117,4117,100.0,2.3723585134806897,296.5426170468187
833,5,5,5,24,4146,4122,4122,100.0,2.3743328481319748,296.5467625899281
834,5,4,4,25,4151,4126,4126,100.0,2.3761512360639845,296.47904191616766
835,5,3,3,27,4156,4129,4129,100.0,2.378057641075321,296.33971291866027
836,5,5,5,27,4161,4134,4134,100.0,2.3814707305273344,296.34408602150535
837,5,3,3,29,4166,4137,4137,100.0,2.3836113125453227,296.20525059665874
838,6,5,5,30,4172,4142,4142,100.0,2.3877353935296957,296.2097735399285
839,4,5,5,29,4176,4147,4147,100.0,2.3918495297805644,296.2142857142857
840,3,4,4,28,4179,4151,4151,100.0,2.3953264273668995,296.14744351961946
841,4,6,6,26,4183,4157,4157,100.0,2.400288669713736,296.2232779097387
842,4,6,6,24,4187,4163,4163,100.0,2.4049963968292096,296.29893238434164
843,4,5,5,23,4191,4168,4168,100.0,2.4088291746641075,296.30331753554503
844,5,6,6,22,4196,4174,4174,100.0,2.413512218495448,296.37869822485203
845,4,3,3,23,4200,4177,4177,100.0,2.415848695235815,296.2411347517731
846,4,4,4,23,4204,4181,4181,100.0,2.418799330303755,296.17473435655256
847,4,5,5,22,4208,4186,4186,100.0,2.422360248447205,296.1792452830189
848,5,7,7,20,4213,4193,4193,100.0,2.426424994037682,296.3250883392226
849,3,5,5,18,4216,4198,4198,100.0,2.429013816102906,296.32941176470587
850,4,5,5,17,4220,4203,4203,100.0,2.431358553414228,296.3337250293772
851,5,3,3,19,4225,4206,4206,100.0,2.432715168806467,296.19718309859155
852,5,7,7,17,4230,4213,4213,100.0,2.435793971042013,296.3423212192263
853,5,5,5,17,4235,4218,4218,100.0,2.4371740161213844,296.3466042154567
854,6,5,5,18,4241,4223,4223,100.0,2.4383139947904335,296.35087719298247
855,4,3,3,19,4245,4226,4226,100.0,2.439185991481306,296.21495327102804
856,6,5,5,20,4251,4231,4231,100.0,2.4407941385015364,296.2193698949825
857,4,5,5,19,4255,4236,4236,100.0,2.442398489140699,296.2237762237762
858,4,4,4,19,4259,4240,4240,100.0,2.443867924528302,296.15832363213036
859,6,4,4,21,4265,4244,4244,100.0,2.445570216776626,296.093023255814
860,6,4,4,23,4271,4248,4248,100.0,2.4472693032015065,296.0278745644599
861,4,7,7,20,4275,4255,4255,100.0,2.4505287896592245,296.1716937354988
862,6,5,5,21,4281,4260,4260,100.0,2.452112676056338,296.17612977983777
863,4,4,4,21,4285,4264,4264,100.0,2.453564727954972,296.1111111111111
864,5,5,5,21,4290,4269,4269,100.0,2.4556102131646758,296.11560693641616
865,5,5,5,21,4295,4274,4274,100.0,2.457884885353299,296.1200923787529
866,5,4,4,22,4300,4278,4278,100.0,2.4595605423094904,296.0553633217993
867,4,6,6,20,4304,4284,4284,100.0,2.462418300653595,296.1290322580645
868,4,5,5,19,4308,4289,4289,100.0,2.464443926323152,296.13348676639816
869,4,5,5,18,4312,4294,4294,100.0,2.4664648346530043,296.1379310344828
870,5,6,6,17,4317,4300,4300,100.0,2.4688372093023254,296.211251435132
871,6,4,4,19,4323,4304,4304,100.0,2.470260223048327,296.1467889908257
872,6,4,4,21,4329,4308,4308,100.0,2.4716805942432685,296.08247422680415
873,4,5,5,20,4333,4313,4313,100.0,2.4732204961743567,296.0869565217391
874,5,6,6,19,4338,4319,4319,100.0,2.4748784440842786,296.15999999999997
875,4,4,4,19,4342,4323,4323,100.0,2.4762896136941936,296.09589041095893
876,4,4,4,19,4346,4327,4327,100.0,2.4776981742546798,296.0319270239453
877,6,6,6,19,4352,4333,4333,100.0,2.4802677129009925,296.1047835990888
878,7,7,7,19,4359,4340,4340,100.0,2.482258064516129,296.2457337883959
879,4,5,5,18,4363,4345,4345,100.0,2.48331415420023,296.25
880,4,4,4,18,4367,4349,4349,100.0,2.4840193147850083,296.1861520998865
881,4,4,4,18,4371,4353,4353,100.0,2.4851826326671262,296.1224489795918
882,4,5,5,17,4375,4358,4358,100.0,2.486920605782469,296.1268403171008
883,4,6,6,15,4379,4364,4364,100.0,2.489000916590284,296.1990950226244
884,4,8,8,11,4383,4372,4372,100.0,2.4903934126258007,296.4067796610169
885,5,5,5,11,4388,4377,4377,100.0,2.4905186200594014,296.410835214447
886,4,7,7,8,4392,4384,4384,100.0,2.4899635036496353,296.5501691093574
887,6,5,5,9,4398,4389,4389,100.0,2.4891774891774894,296.55405405405406
888,4,5,5,8,4402,4394,4394,100.0,2.4881656804733727,296.55793025871765
889,4,6,6,6,4406,4400,4400,100.0,2.4870454545454543,296.62921348314603
890,6,5,5,7,4412,4405,4405,100.0,2.485811577752554,296.6329966329966
891,3,4,4,6,4415,4409,4409,100.0,2.4846904059877524,296.5695067264574
892,6,6,6,6,4421,4415,4415,100.0,2.483352208380521,296.64053751399774
893,6,3,3,9,4427,4418,4418,100.0,2.4823449524671797,296.51006711409394
894,5,6,6,8,4432,4424,4424,100.0,2.481012658227848,296.58100558659214
895,3,5,5,6,4435,4429,4429,100.0,2.4800180627681194,296.5848214285714
896,5,5,5,6,4440,4434,4434,100.0,2.479025710419486,296.5886287625418
897,3,5,5,4,4443,4439,4439,100.0,2.477585041676053,296.5924276169265
898,5,5,5,4,4448,4444,4444,100.0,2.475922592259226,296.5962180200222
899,4,5,5,3,4452,4449,4449,100.0,2.47403910991234,296.6
900,5,5,5,3,4457,4454,4454,100.0,2.4719353390211047,296.6037735849057
901,5,5,5,3,4462,4459,4459,100.0,2.469836286162817,296.60753880266077
902,5,3,3,5,4467,4462,4462,100.0,2.468848050201703,296.4784053156146
903,5,5,5,5,4472,4467,4467,100.0,2.4672039400044774,296.48230088495575
904,5,6,6,4,4477,4473,4473,100.0,2.4650122959982115,296.5524861878453
905,3,3,3,4,4480,4476,4476,100.0,2.464030384271671,296.42384105960264
906,5,5,5,4,4485,4481,4481,100.0,2.4623967864316,296.42778390297684
907,5,5,5,4,4490,4486,4486,100.0,2.4605439144003567,296.431718061674
908,6,6,6,4,4496,4492,4492,100.0,2.458147818343722,296.5016501650165
909,5,5,5,4,4501,4497,4497,100.0,2.456304202801868,296.50549450549454
910,3,6,6,1,4504,4503,4503,100.0,2.4539196091494557,296.57519209659716
911,6,6,6,1,4510,4509,4509,100.0,2.450876025726325,296.64473684210526
912,4,6,5,0,4514,4514,4514,100.0,2.448382809038547,296.6484118291347
913,6,7,6,0,4520,4520,4520,100.0,2.445132743362832,296.71772428884026
914,4,5,4,0,4524,4524,4524,100.0,2.442970822281167,296.655737704918
915,6,5,5,1,4530,4529,4529,100.0,2.4402737911238686,296.6593886462882
916,4,5,5,0,4534,4534,4534,100.0,2.437803264225849,296.6630316248637
917,6,5,5,1,4540,4539,4539,100.0,2.435117867371668,296.6666666666667
918,5,5,5,1,4545,4544,4544,100.0,2.4326584507042255,296.6702937976061
919,6,4,4,3,4551,4548,4548,100.0,2.4307387862796834,296.6086956521739
920,4,5,5,2,4555,4553,4553,100.0,2.428728311003734,296.6123778501629
921,6,4,4,4,4561,4557,4557,100.0,2.4270353302611367,296.5509761388286
922,4,3,3,5,4565,4560,4560,100.0,2.42609649122807,296.4247020585049
923,5,4,4,6,4570,4564,4564,100.0,2.425065731814198,296.3636363636364
924,5,6,6,5,4575,4570,4570,100.0,2.423413566739606,296.43243243243245
925,4,5,5,4,4579,4575,4575,100.0,2.4218579234972677,296.43628509719224
926,5,6,6,3,4584,4581,4581,100.0,2.419559048242742,296.50485436893206
927,5,4,4,4,4589,4585,4585,100.0,2.418102508178844,296.4439655172414
928,5,6,6,3,4594,4591,4591,100.0,2.4158135482465695,296.5123789020452
929,5,4,4,4,4599,4595,4595,100.0,2.4143634385201307,296.4516129032258
930,6,4,4,6,4605,4599,4599,100.0,2.413133289845619,296.390977443609
931,6,6,6,6,4611,4605,4605,100.0,2.4112920738327905,296.45922746781116
932,5,5,5,6,4616,4610,4610,100.0,2.4097613882863342,296.46302250803853
933,5,6,6,5,4621,4616,4616,100.0,2.4081455805892547,296.5310492505353
934,5,5,5,5,4626,4621,4621,100.0,2.4066219433023157,296.5347593582888
935,6,4,4,7,4632,4625,4625,100.0,2.4054054054054053,296.47435897435895
936,4,4,4,7,4636,4629,4629,100.0,2.4044069993519117,296.4140875133404
937,4,3,3,8,4640,4632,4632,100.0,2.4041450777202074,296.2899786780384
938,6,7,7,7,4646,4639,4639,100.0,2.4028885535675792,296.4217252396166
939,6,3,3,10,4652,4642,4642,100.0,2.4021973287376133,296.2978723404255
940,6,6,6,10,4658,4648,4648,100.0,2.4012478485370052,296.365568544102
941,5,5,5,10,4663,4653,4653,100.0,2.4006017623038898,296.36942675159236
942,3,5,5,8,4666,4658,4658,100.0,2.4001717475311293,296.37327677624603
943,4,5,5,7,4670,4663,4663,100.0,2.3997426549431697,296.3771186440678
944,3,6,6,4,4673,4669,4669,100.0,2.398586421075177,296.44444444444446
945,6,4,4,6,4679,4673,4673,100.0,2.39760325272844,296.384778012685
946,4,3,3,7,4683,4676,4676,100.0,2.3967065868263475,296.26187961985215
947,5,4,4,8,4688,4680,4680,100.0,2.396153846153846,296.2025316455696
948,3,5,5,6,4691,4685,4685,100.0,2.3953041622198508,296.20653319283457
949,5,4,4,7,4696,4689,4689,100.0,2.394753678822777,296.14736842105265
950,4,6,6,5,4700,4695,4695,100.0,2.3933972310969116,296.2145110410095
951,6,5,5,6,4706,4700,4700,100.0,2.3921276595744683,296.218487394958
952,6,4,4,8,4712,4704,4704,100.0,2.3909438775510203,296.1594963273872
953,5,5,5,8,4717,4709,4709,100.0,2.3898916967509027,296.1635220125786
954,5,5,5,8,4722,4714,4714,100.0,2.389053882053458,296.1675392670157
955,4,6,6,6,4726,4720,4720,100.0,2.3879237288135595,296.23430962343093
956,6,2,2,10,4732,4722,4722,100.0,2.3877594239728928,296.05015673981194
957,6,2,2,14,4738,4724,4724,100.0,2.3875952582557156,295.86638830897704
958,4,6,6,12,4742,4730,4730,100.0,2.3875264270613106,295.9332638164755
959,5,4,4,13,4747,4734,4734,100.0,2.3876214617659484,295.875
960,4,6,6,11,4751,4740,4740,100.0,2.3879746835443036,295.9417273673257
961,3,6,6,8,4754,4746,4746,100.0,2.387905604719764,296.008316008316
962,5,4,4,9,4759,4750,4750,100.0,2.3877894736842107,295.9501557632399
963,4,4,4,9,4763,4754,4754,100.0,2.3876735380732015,295.89211618257264
964,6,6,6,9,4769,4760,4760,100.0,2.3869747899159663,295.9585492227979
965,3,5,5,7,4772,4765,4765,100.0,2.386149003147954,295.9627329192547
966,4,6,6,5,4776,4771,4771,100.0,2.385244183609306,296.02895553257497
967,4,7,7,2,4780,4778,4778,100.0,2.383005441607367,296.1570247933884
968,5,4,4,3,4785,4782,4782,100.0,2.381430363864492,296.09907120743037
969,4,4,4,3,4789,4786,4786,100.0,2.3800668616798997,296.0412371134021
970,4,5,5,2,4793,4791,4791,100.0,2.3782091421415155,296.0453141091658
971,4,3,3,3,4797,4794,4794,100.0,2.3771380892782643,295.9259259259259
972,5,3,3,5,4802,4797,4797,100.0,2.376276839691474,295.80678314491263
973,4,4,4,5,4806,4801,4801,100.0,2.3751301812122474,295.74948665297745
974,4,7,7,2,4810,4808,4808,100.0,2.3729201331114806,295.87692307692305
975,5,5,5,2,4815,4813,4813,100.0,2.370870558902971,295.8811475409836
976,3,4,4,1,4818,4817,4817,100.0,2.3693170022835788,295.82395087001026
977,5,4,4,2,4823,4821,4821,100.0,2.367558597801286,295.7668711656442
978,6,4,4,4,4829,4825,4825,100.0,2.3660103626943005,295.7099080694586
979,5,4,4,5,4834,4829,4829,100.0,2.364878856906192,295.6530612244898
980,5,4,4,6,4839,4833,4833,100.0,2.36374922408442,295.5963302752294
981,5,5,5,6,4844,4838,4838,100.0,2.3625465068210003,295.60081466395116
982,4,5,5,5,4848,4843,4843,100.0,2.3613462729712986,295.60528992878943
983,5,5,5,5,4853,4848,4848,100.0,2.360148514851485,295.609756097561
984,5,6,6,4,4858,4854,4854,100.0,2.358261227853317,295.6751269035533
985,5,5,5,4,4863,4859,4859,100.0,2.3566577485079234,295.67951318458415
986,5,7,7,2,4868,4866,4866,100.0,2.354089601315249,295.80547112462006
987,4,6,6,0,4872,4872,4872,100.0,2.351600985221675,295.8704453441295
988,3,5,3,0,4875,4875,4875,100.0,2.3501538461538463,295.75328614762384
989,7,5,5,2,4882,4880,4880,100.0,2.3477459016393443,295.75757575757575
990,5,4,4,3,4887,4884,4884,100.0,2.3462325962325963,295.7013118062563
991,5,5,5,3,4892,4889,4889,100.0,2.3444467171200656,295.70564516129036
992,4,5,5,2,4896,4894,4894,100.0,2.3426644871270943,295.70996978851963
993,5,4,4,3,4901,4898,4898,100.0,2.341159657002858,295.6539235412475
994,4,4,4,3,4905,4902,4902,100.0,2.339861281109751,295.59798994974875
995,5,6,6,2,4910,4908,4908,100.0,2.3376120619396903,295.66265060240966
996,5,6,6,1,4915,4914,4914,100.0,2.3351648351648353,295.7271815446339
997,5,5,5,1,4920,4919,4919,100.0,2.332994511079488,295.7314629258517
998,5,5,5,1,4925,4924,4924,100.0,2.3308285946385054,295.7357357357358
999,4,7,5,0,4929,4929,4929,100.0,2.3286670724284844,295.74
1000,5,4,4,1,4934,4933,4933,100.0,2.326778836407865,295.68431568431566
1001,5,5,5,1,4939,4938,4938,100.0,2.3246253543944917,295.688622754491
1002,4,6,5,0,4943,4943,4943,100.0,2.3224762290107224,295.6929212362911
1003,5,4,4,1,4948,4947,4947,100.0,2.3205983424297556,295.6374501992032
1004,6,6,6,1,4954,4953,4953,100.0,2.3179890975166564,295.70149253731347
1005,4,7,5,0,4958,4958,4958,100.0,2.3158531665994353,295.7057654075547
1006,6,5,5,1,4964,4963,4963,100.0,2.313520048357848,295.71002979145976
1007,7,5,5,3,4971,4968,4968,100.0,2.3113929146537844,295.7142857142857
1008,5,4,4,4,4976,4972,4972,100.0,2.3101367658889784,295.6590683845391
1009,6,5,5,5,4982,4977,4977,100.0,2.3086196503918024,295.66336633663366
1010,5,4,4,6,4987,4981,4981,100.0,2.307568761292913,295.6083086053412
1011,5,5,5,6,4992,4986,4986,100.0,2.3064580826313676,295.6126482213439
1012,4,4,4,6,4996,4990,4990,100.0,2.30561122244489,295.55774925962487
1013,6,2,2,10,5002,4992,4992,100.0,2.305488782051282,295.3846153846154
1014,5,5,5,10,5007,4997,4997,100.0,2.3049829897938765,295.3891625615763
1015,6,5,5,11,5013,5002,5002,100.0,2.3046781287485008,295.39370078740154
1016,6,5,5,12,5019,5007,5007,100.0,2.304373876572798,295.39823008849555
1017,5,6,6,11,5024,5013,5013,100.0,2.3040095751047276,295.46168958742635
1018,5,6,6,10,5029,5019,5019,100.0,2.3036461446503287,295.5250245338567
1019,4,5,5,9,5033,5024,5024,100.0,2.303343949044586,295.5294117647059
1020,6,6,6,9,5039,5030,5030,100.0,2.302783300198807,295.59255631733595
1021,7,4,4,12,5046,5034,5034,100.0,2.3023440603893524,295.53816046966733
1022,4,4,4,12,5050,5038,5038,100.0,2.30210400952759,295.48387096774195
1023,6,5,5,13,5056,5043,5043,100.0,2.302002776125322,295.48828125
1024,5,4,4,14,5061,5047,5047,100.0,2.3023578363384187,295.4341463414634
1025,6,4,4,16,5067,5051,5051,100.0,2.3027123341912494,295.3801169590643
1026,6,8,8,14,5073,5059,5059,100.0,2.3032219806285825,295.5598831548199
1027,5,6,6,13,5078,5065,5065,100.0,2.3032576505429416,295.6225680933852
1028,5,3,3,15,5083,5068,5068,100.0,2.303472770323599,295.51020408163265
1029,4,4,4,15,5087,5072,5072,100.0,2.3040220820189274,295.45631067961165
1030,4,7,7,12,5091,5079,5079,100.0,2.304981295530616,295.5771096023278
1031,5,5,5,12,5096,5084,5084,100.0,2.3054681353265147,295.5813953488372
1032,5,5,5,12,5101,5089,5089,100.0,2.3057575162114365,295.58567279767664
1033,6,5,5,13,5107,5094,5094,100.0,2.305850019630938,295.5899419729207
1034,6,5,5,14,5113,5099,5099,100.0,2.305942341635615,295.59420289855075
1035,5,4,4,15,5118,5103,5103,100.0,2.3060944542426025,295.5405405405405
1036,3,5,5,13,5121,5108,5108,100.0,2.306577916992952,295.54484088717453
1037,5,4,4,14,5126,5112,5112,100.0,2.3071205007824727,295.4913294797688
1038,5,5,5,14,5131,5117,5117,100.0,2.3079929646277115,295.4956689124158
1039,3,4,4,13,5134,5121,5121,100.0,2.3087287639132983,295.4423076923077
1040,5,5,5,13,5139,5126,5126,100.0,2.3094030433086226,295.4466858789625
1041,4,5,5,12,5143,5131,5131,100.0,2.3100760085753262,295.4510556621881
1042,6,6,6,12,5149,5137,5137,100.0,2.310297839205762,295.51294343240653
1043,5,5,5,12,5154,5142,5142,100.0,2.310385064177363,295.51724137931035
1044,4,5,5,11,5158,5147,5147,100.0,2.3102778317466486,295.52153110047846
1045,5,6,6,10,5163,5153,5153,100.0,2.31030467688725,295.5831739961759
1046,5,6,6,9,5168,5159,5159,100.0,2.309943787555728,295.64469914040114
1047,5,6,6,8,5173,5165,5165,100.0,2.30919651500484,295.706106870229
1048,6,4,4,10,5179,5169,5169,100.0,2.308763784097504,295.65300285986655
1049,3,7,7,6,5182,5176,5176,100.0,2.3077666151468317,295.77142857142854
1050,5,3,3,8,5187,5179,5179,100.0,2.3075883375168953,295.6612749762131
1051,4,6,6,6,5191,5185,5185,100.0,2.3066538090646094,295.72243346007605
1052,5,4,4,7,5196,5189,5189,100.0,2.3060319907496627,295.6695156695157
1053,6,4,4,9,5202,5193,5193,100.0,2.3054111303678027,295.6166982922201
1054,4,5,5,8,5206,5198,5198,100.0,2.3047325894574837,295.62085308056874
1055,5,5,5,8,5211,5203,5203,100.0,2.3042475494906784,295.625
1056,6,5,5,9,5217,5208,5208,100.0,2.3035714285714284,295.6291390728477
1057,5,5,5,9,5222,5213,5213,100.0,2.3028966046422408,295.63327032136107
1058,5,5,5,9,5227,5218,5218,100.0,2.302414718282867,295.63739376770536
1059,5,6,6,8,5232,5224,5224,100.0,2.301684532924962,295.6981132075472
1060,6,5,5,9,5238,5229,5229,100.0,2.301013578122012,295.70216776625824
1061,4,5,5,8,5242,5234,5234,100.0,2.300343905235002,295.7062146892655
1062,5,5,5,8,5247,5239,5239,100.0,2.299866386715022,295.7102539981185
1063,7,4,4,11,5254,5243,5243,100.0,2.299446881556361,295.6578947368421
1064,5,6,6,10,5259,5249,5249,100.0,2.298723566393599,295.71830985915494
1065,5,7,7,8,5264,5256,5256,100.0,2.297945205479452,295.83489681050656
1066,5,5,5,8,5269,5261,5261,100.0,2.297281885573085,295.83880037488285
1067,4,5,5,7,5273,5266,5266,100.0,2.296619825294341,295.8426966292135
1068,5,6,6,6,5278,5272,5272,100.0,2.295713201820941,295.90271281571563
1069,5,6,6,5,5283,5278,5278,100.0,2.2944297082228116,295.96261682242994
1070,5,5,5,5,5288,5283,5283,100.0,2.2932046185879233,295.96638655462186
1071,8,5,5,8,5296,5288,5288,100.0,2.291981845688351,295.97014925373134
1072,4,4,4,8,5300,5292,5292,100.0,2.291005291005291,295.9179869524697
1073,4,6,6,6,5304,5298,5298,100.0,2.2902982257455644,295.9776536312849
1074,5,5,5,6,5309,5303,5303,100.0,2.289458796907411,295.9813953488372
1075,5,6,6,5,5314,5309,5309,100.0,2.2881898662648332,296.0408921933086
1076,4,4,4,5,5318,5313,5313,100.0,2.287220026350461,295.9888579387187
1077,5,6,6,4,5323,5319,5319,100.0,2.2857680015040422,296.0482374768089
1078,5,4,4,5,5328,5323,5323,100.0,2.28480180349427,295.99629286376273
1079,6,4,4,7,5334,5327,5327,100.0,2.2838370565045993,295.94444444444446
1080,4,4,4,7,5338,5331,5331,100.0,2.2830613393359593,295.8926919518964
1081,6,6,6,7,5344,5337,5337,100.0,2.2821810005621135,295.95194085027725
1082,6,6,6,7,5350,5343,5343,100.0,2.2809283174246677,296.01108033240996
1083,8,3,3,12,5358,5346,5346,100.0,2.2803965581743357,295.9040590405904
1084,4,4,4,12,5362,5350,5350,100.0,2.2801869158878505,295.852534562212
1085,4,4,4,12,5366,5354,5354,100.0,2.2799775868509524,295.8011049723757
1086,5,4,4,13,5371,5358,5358,100.0,2.280515117581187,295.74977000919966
1087,5,5,5,13,5376,5363,5363,100.0,2.280999440611598,295.7536764705883
1088,5,6,6,12,5381,5369,5369,100.0,2.2812441795492644,295.8126721763085
1089,6,5,5,13,5387,5374,5374,100.0,2.2813546706363974,295.8165137614679
1090,7,5,5,15,5394,5379,5379,100.0,2.281464956311582,295.82034830430797
1091,3,4,4,14,5397,5383,5383,100.0,2.281627345346461,295.7692307692308
1092,3,5,5,12,5400,5388,5388,100.0,2.282108389012621,295.77310155535224
1093,5,5,5,12,5405,5393,5393,100.0,2.2827739662525497,295.77696526508225
1094,7,6,6,13,5412,5399,5399,100.0,2.283385812187442,295.83561643835617
1095,6,4,4,15,5418,5403,5403,100.0,2.283361095687581,295.7846715328467
1096,4,5,5,14,5422,5408,5408,100.0,2.2834689349112427,295.7885141294439
1097,5,3,3,16,5427,5411,5411,100.0,2.2838661984845685,295.6830601092896
1098,5,5,5,16,5432,5416,5416,100.0,2.284711964549483,295.68698817106457
1099,5,4,4,17,5437,5420,5420,100.0,2.285608856088561,295.6363636363637
1100,4,5,5,16,5441,5425,5425,100.0,2.286635944700461,295.64032697547685
1101,5,6,6,15,5446,5431,5431,100.0,2.2877923034431964,295.69872958257713
1102,6,5,5,16,5452,5436,5436,100.0,2.2886313465783665,295.7026291931097
1103,5,5,5,16,5457,5441,5441,100.0,2.2894688476383016,295.70652173913044
1104,6,5,5,17,5463,5446,5446,100.0,2.2901211898641205,295.710407239819
1105,6,6,6,17,5469,5452,5452,100.0,2.2909024211298608,295.76853526220617
1106,6,7,7,16,5475,5459,5459,100.0,2.2914453196556144,295.8807588075881
1107,4,5,5,15,5479,5464,5464,100.0,2.291910688140556,295.884476534296
1108,5,5,5,15,5484,5469,5469,100.0,2.2925580544889375,295.8881875563571
1109,4,4,4,15,5488,5473,5473,100.0,2.293075095925452,295.8378378378378
1110,5,4,4,16,5493,5477,5477,100.0,2.2939565455541353,295.7875787578758
1111,5,4,4,17,5498,5481,5481,100.0,2.2948367086298123,295.73741007194246
1112,4,5,5,16,5502,5486,5486,100.0,2.2960262486328835,295.7412398921833
1113,5,6,6,15,5507,5492,5492,100.0,2.2971595047341586,295.7989228007182
1114,7,5,5,17,5514,5497,5497,100.0,2.2979807167545934,295.80269058295966
1115,5,4,4,18,5519,5501,5501,100.0,2.2986729685511724,295.752688172043
1116,4,7,7,15,5523,5508,5508,100.0,2.2995642701525054,295.863921217547
1117,4,4,4,15,5527,5512,5512,100.0,2.3000725689404935,295.8139534883721
1118,5,5,5,15,5532,5517,5517,100.0,2.301069421787203,295.8176943699732
1119,4,5,5,14,5536,5522,5522,100.0,2.302064469395147,295.82142857142856
1120,6,4,4,16,5542,5526,5526,100.0,2.302750633369526,295.77163247100805
1121,4,6,6,14,5546,5532,5532,100.0,2.3036876355748372,295.8288770053476
1122,5,4,4,15,5551,5536,5536,100.0,2.304190751445087,295.77916295636686
1123,3,4,4,14,5554,5540,5540,100.0,2.3046931407942237,295.729537366548
1124,5,6,6,13,5559,5546,5546,100.0,2.3058059862964297,295.7866666666667
1125,4,5,5,12,5563,5551,5551,100.0,2.3064312736443884,295.7904085257549
1126,6,3,3,15,5569,5554,5554,100.0,2.306805905653583,295.6876663708962
1127,6,4,4,17,5575,5558,5558,100.0,2.3073047858942064,295.63829787234044
1128,5,5,5,17,5580,5563,5563,100.0,2.308107136437174,295.6421612046058
1129,6,6,6,17,5586,5569,5569,100.0,2.3088525767642305,295.6991150442478
1130,3,4,4,16,5589,5573,5573,100.0,2.3093486452539027,295.6498673740053
1131,5,5,5,16,5594,5578,5578,100.0,2.310326281821441,295.65371024734986
1132,5,6,6,15,5599,5584,5584,100.0,2.3114255014326646,295.71050308914386
1133,6,5,5,16,5605,5589,5589,100.0,2.312399355877617,295.7142857142857
1134,3,5,5,14,5608,5594,5594,100.0,2.3130139435109047,295.7180616740088
1135,5,4,4,15,5613,5598,5598,100.0,2.3135048231511255,295.66901408450707
1136,6,6,6,15,5619,5604,5604,100.0,2.314418272662384,295.72559366754615
1137,5,2,2,18,5624,5606,5606,100.0,2.3148412415269353,295.5711775043937
1138,4,7,7,15,5628,5613,5613,100.0,2.316052022091573,295.68042142230024
1139,4,3,3,16,5632,5616,5616,100.0,2.3164173789173788,295.57894736842104
1140,6,5,5,17,5638,5621,5621,100.0,2.3175591531755915,295.5828220858896
1141,6,5,5,18,5644,5626,5626,100.0,2.3186988979736936,295.5866900175131
1142,5,5,5,18,5649,5631,5631,100.0,2.3196590303676077,295.59055118110234
1143,6,7,7,17,5655,5638,5638,100.0,2.3206810925860233,295.6993006993007
1144,6,3,3,20,5661,5641,5641,100.0,2.321042368374402,295.59825327510913
1145,5,6,6,19,5666,5647,5647,100.0,2.322295023906499,295.6544502617801
1146,6,5,5,20,5672,5652,5652,100.0,2.323248407643312,295.6582388840454
1147,6,6,6,20,5678,5658,5658,100.0,2.324496288441145,295.7142857142857
1148,8,4,4,24,5686,5662,5662,100.0,2.325503355704698,295.66579634464756
1149,4,5,5,23,5690,5667,5667,100.0,2.326804305629081,295.6695652173913
1150,5,4,4,24,5695,5671,5671,100.0,2.3279844824545934,295.6211989574283
1151,2,5,5,21,5697,5676,5676,100.0,2.3296335447498238,295.625
1152,5,5,5,21,5702,5681,5681,100.0,2.331455729625066,295.6287944492628
1153,7,5,5,23,5709,5686,5686,100.0,2.3338023214913823,295.632582322357
1154,6,5,5,24,5715,5691,5691,100.0,2.3359690739764543,295.6363636363637
1155,6,5,5,25,5721,5696,5696,100.0,2.33813202247191,295.6401384083045
1156,6,5,5,26,5727,5701,5701,100.0,2.339764953516927,295.64390665514264
1157,5,5,5,26,5732,5706,5706,100.0,2.3413950227830354,295.6476683937824
1158,5,5,5,26,5737,5711,5711,100.0,2.3433724391525126,295.65142364106987
1159,7,5,5,28,5744,5716,5716,100.0,2.345521343596921,295.65517241379314
1160,5,6,6,27,5749,5722,5722,100.0,2.3481300244669696,295.7105943152455
1161,6,5,5,28,5755,5727,5727,100.0,2.350445259298062,295.7142857142857
1162,3,6,6,25,5758,5733,5733,100.0,2.3530437816152103,295.7695614789338
1163,3,6,6,22,5761,5739,5739,100.0,2.3554626241505487,295.82474226804123
1164,5,6,6,21,5766,5745,5745,100.0,2.3580504786771104,295.8798283261803
1165,4,3,3,22,5770,5748,5748,100.0,2.359429366736256,295.7804459691252
1166,5,5,5,22,5775,5753,5753,100.0,2.361898140100817,295.7840616966581
1167,5,5,5,22,5780,5758,5758,100.0,2.3645362973254604,295.78767123287673
1168,8,6,6,24,5788,5764,5764,100.0,2.36675919500347,295.84260051325924
1169,6,6,6,24,5794,5770,5770,100.0,2.3688041594454075,295.8974358974359
1170,6,5,5,25,5800,5775,5775,100.0,2.37021645021645,295.9009393680615
1171,3,5,5,23,5803,5780,5780,100.0,2.371626297577855,295.90443686006824
1172,6,4,4,25,5809,5784,5784,100.0,2.372752420470263,295.8567774936061
1173,5,4,4,26,5814,5788,5788,100.0,2.3745680718728406,295.809199318569
1174,7,6,6,27,5821,5794,5794,100.0,2.3772868484639282,295.86382978723407
1175,6,6,6,27,5827,5800,5800,100.0,2.38,295.9183673469388
1176,5,5,5,27,5832,5805,5805,100.0,2.3819121447028424,295.92183517417163
1177,4,3,3,28,5836,5808,5808,100.0,2.3832644628099175,295.82342954159594
1178,5,5,5,28,5841,5813,5813,100.0,2.3856872527094444,295.8269720101781
1179,6,7,7,27,5847,5820,5820,100.0,2.389003436426117,295.93220338983053
1180,7,4,4,30,5854,5824,5824,100.0,2.3909684065934065,295.8848433530906
1181,5,5,5,30,5859,5829,5829,100.0,2.3937210499228,295.88832487309645
1182,8,6,6,32,5867,5835,5835,100.0,2.396915167095116,295.9425190194421
1183,6,5,5,33,5873,5840,5840,100.0,2.399315068493151,295.94594594594594
1184,4,6,6,31,5877,5846,5846,100.0,2.402155319876839,296.0
1185,4,5,5,30,5881,5851,5851,100.0,2.4045462314134336,296.00337268128163
1186,5,7,7,28,5886,5858,5858,100.0,2.408159781495391,296.1078348778433
1187,5,3,3,30,5891,5861,5861,100.0,2.4096570551100496,296.010101010101
1188,6,4,4,32,5897,5865,5865,100.0,2.4121057118499576,295.9629941126998
1189,5,5,5,32,5902,5870,5870,100.0,2.415502555366269,295.96638655462186
1190,5,6,6,31,5907,5876,5876,100.0,2.4196732471068754,296.02015113350126
1191,3,4,4,30,5910,5880,5880,100.0,2.422278911564626,295.9731543624161
1192,6,4,4,32,5916,5884,5884,100.0,2.424881033310673,295.9262363788768
1193,3,6,6,29,5919,5890,5890,100.0,2.428862478777589,295.97989949748745
1194,6,5,5,30,5925,5895,5895,100.0,2.43206106870229,295.98326359832635
1195,3,6,6,27,5928,5901,5901,100.0,2.436027791899678,296.03678929765886
1196,3,5,5,25,5931,5906,5906,100.0,2.4392143582797154,296.0401002506266
1197,4,4,4,25,5935,5910,5910,100.0,2.441793570219966,295.9933222036728
1198,5,5,5,25,5940,5915,5915,100.0,2.44480135249366,295.99666388657215
1199,4,6,6,23,5944,5921,5921,100.0,2.4482350954230703,296.05
1200,5,6,6,22,5949,5927,5927,100.0,2.451493166863506,296.10324729392175
1201,5,4,4,23,5954,5931,5931,100.0,2.4533805429101334,296.0565723793677
1202,4,3,3,24,5958,5934,5934,100.0,2.4546680148297946,295.96009975062344
1203,5,5,5,24,5963,5939,5939,100.0,2.456979289442667,295.96345514950167
1204,3,4,4,23,5966,5943,5943,100.0,2.4588591620393743,295.9170124481328
1205,4,7,7,20,5970,5950,5950,100.0,2.461848739495798,296.0199004975125
1206,3,4,4,19,5973,5954,5954,100.0,2.4635539133355726,295.973487986744
1207,6,6,6,19,5979,5960,5960,100.0,2.4657718120805368,296.02649006622516
1208,4,4,4,19,5983,5964,5964,100.0,2.467303822937626,295.9801488833747
1209,6,3,3,22,5989,5967,5967,100.0,2.468409586056645,295.88429752066116
1210,3,5,5,20,5992,5972,5972,100.0,2.4701942397856667,295.88769611890996
1211,7,5,5,22,5999,5977,5977,100.0,2.4716412916178685,295.8910891089109
1212,5,6,6,21,6004,5983,5983,100.0,2.4735082734414173,295.9439406430338
1213,7,4,4,24,6011,5987,5987,100.0,2.4745281443126776,295.8978583196046
1214,5,7,7,22,6016,5994,5994,100.0,2.4763096429763096,296.0
1215,3,6,6,19,6019,6000,6000,100.0,2.4776666666666665,296.05263157894734
1216,4,5,5,18,6023,6005,6005,100.0,2.478767693588676,296.0558751027116
1217,5,4,4,19,6028,6009,6009,100.0,2.4797803295057412,296.0098522167488
1218,4,5,5,18,6032,6014,6014,100.0,2.4813767874958432,296.0131255127153
1219,6,5,5,19,6038,6019,6019,100.0,2.482970593121781,296.016393442623
1220,5,6,6,18,6043,6025,6025,100.0,2.484149377593361,296.0687960687961
1221,4,6,6,16,6047,6031,6031,100.0,2.485160006632399,296.12111292962356
1222,6,8,8,14,6053,6039,6039,100.0,2.4858420268256336,296.2714636140638
1223,5,5,5,14,6058,6044,6044,100.0,2.486101919258769,296.2745098039216
1224,6,6,6,14,6064,6050,6050,100.0,2.486115702479339,296.3265306122449
1225,4,5,5,13,6068,6055,6055,100.0,2.486209744013212,296.32952691680265
1226,6,4,4,15,6074,6059,6059,100.0,2.486383891731309,296.2836185819071
1227,5,5,5,15,6079,6064,6064,100.0,2.4868073878627968,296.2866449511401
1228,6,4,4,17,6085,6068,6068,100.0,2.4871456822676334,296.2408462164361
1229,3,3,3,17,6088,6071,6071,100.0,2.4873991105254487,296.1463414634146
1230,4,4,4,17,6092,6075,6075,100.0,2.4882304526748973,296.1007311129163
1231,5,4,4,18,6097,6079,6079,100.0,2.4892252015134066,296.05519480519484
1232,4,4,4,18,6101,6083,6083,100.0,2.490218642117376,296.0097323600973
1233,5,6,6,17,6106,6089,6089,100.0,2.4918705863031696,296.06158833063205
1234,6,5,5,18,6112,6094,6094,100.0,2.4927797833935017,296.0647773279352
1235,5,5,5,18,6117,6099,6099,100.0,2.4936874897524186,296.0679611650486
1236,5,6,6,17,6122,6105,6105,100.0,2.4945126945126943,296.11964430072754
1237,4,5,5,16,6126,6110,6110,100.0,2.4950900163666123,296.12277867528275
1238,3,5,5,14,6129,6115,6115,100.0,2.495829926410466,296.1259079903148
1239,6,5,5,15,6135,6120,6120,100.0,2.4965686274509804,296.1290322580645
1240,7,4,4,18,6142,6124,6124,100.0,2.4972240365774003,296.08380338436746
1241,5,5,5,18,6147,6129,6129,100.0,2.497960515581661,296.0869565217391
1242,5,5,5,18,6152,6134,6134,100.0,2.4983697424193023,296.0901045856798
1243,5,6,6,17,6157,6140,6140,100.0,2.4990228013029316,296.14147909967846
1244,6,5,5,18,6163,6145,6145,100.0,2.4997558991049633,296.144578313253
1245,6,4,4,20,6169,6149,6149,100.0,2.500406570174012,296.09951845906903
1246,6,4,4,22,6175,6153,6153,100.0,2.5012189176011703,296.05453087409785
1247,6,7,7,21,6181,6160,6160,100.0,2.502435064935065,296.1538461538462
1248,5,3,3,23,6186,6163,6163,100.0,2.5031640434853157,296.06084867894316
1249,4,6,6,21,6190,6169,6169,100.0,2.504619873561355,296.112
1250,6,5,5,22,6196,6174,6174,100.0,2.5058309037900877,296.1151079136691
1251,6,5,5,23,6202,6179,6179,100.0,2.5072018125910343,296.11821086261983
1252,6,6,6,23,6208,6185,6185,100.0,2.5089733225545676,296.1691939345571
1253,7,5,5,25,6215,6190,6190,100.0,2.5103392568659126,296.17224880382776
1254,6,5,5,26,6221,6195,6195,100.0,2.511541565778854,296.1752988047809
1255,4,7,7,23,6225,6202,6202,100.0,2.513382779748468,296.27388535031844
1256,5,6,6,22,6230,6208,6208,100.0,2.514819587628866,296.3245823389022
1257,5,4,4,23,6235,6212,6212,100.0,2.5157759175788796,296.27980922098567
1258,5,6,6,22,6240,6218,6218,100.0,2.517690575747829,296.33042096902307
1259,6,3,3,25,6246,6221,6221,100.0,2.518887638643305,296.23809523809524
1260,5,7,7,23,6251,6228,6228,100.0,2.521194605009634,296.33624107850915
1261,5,3,3,25,6256,6231,6231,100.0,2.522227571818328,296.24405705229793
1262,7,6,6,26,6263,6237,6237,100.0,2.5242905242905245,296.29453681710214
1263,5,5,5,26,6268,6242,6242,100.0,2.525953220121756,296.2974683544304
1264,6,4,4,28,6274,6246,6246,100.0,2.527537624079411,296.25296442687744
1265,6,6,6,28,6280,6252,6252,100.0,2.529750479846449,296.30331753554503
1266,5,5,5,28,6285,6257,6257,100.0,2.531564647594694,296.30623520126284
1267,5,6,6,27,6290,6263,6263,100.0,2.5339294267922723,296.3564668769716
1268,4,3,3,28,6294,6266,6266,100.0,2.53511011809767,296.26477541371156
1269,6,6,6,28,6300,6272,6272,100.0,2.537786989795918,296.31496062992125
1270,5,5,5,28,6305,6277,6277,100.0,2.5400669109447187,296.31785995279307
1271,5,6,6,27,6310,6283,6283,100.0,2.5428935222027693,296.3679245283019
1272,5,5,5,27,6315,6288,6288,100.0,2.545165394402036,296.3707776904949
1273,5,7,7,25,6320,6295,6295,100.0,2.5480540111199366,296.46781789638936
1274,3,5,5,23,6323,6300,6300,100.0,2.55,296.47058823529414
1275,3,5,5,21,6326,6305,6305,100.0,2.551942902458366,296.47335423197495
1276,5,3,3,23,6331,6308,6308,100.0,2.5531071655041218,296.38214565387625
1277,5,5,5,23,6336,6313,6313,100.0,2.555361951528592,296.3849765258216
1278,3,6,6,20,6339,6319,6319,100.0,2.5579996834942236,296.4347146207975
1279,6,6,6,20,6345,6325,6325,100.0,2.5601581027667986,296.484375
1280,5,5,5,20,6350,6330,6330,100.0,2.561453396524487,296.4871194379391
1281,6,7,7,19,6356,6337,6337,100.0,2.5630424491084107,296.58346333853353
1282,6,4,4,21,6362,6341,6341,100.0,2.56363349629396,296.53936087295403
1283,5,5,5,21,6367,6346,6346,100.0,2.56460762685156,296.5420560747664
1284,3,5,5,19,6370,6351,6351,100.0,2.565580223586837,296.5447470817121
1285,7,6,6,20,6377,6357,6357,100.0,2.566776781500708,296.5940902021773
1286,6,5,5,21,6383,6362,6362,100.0,2.567903175102169,296.5967365967366
1287,5,5,5,21,6388,6367,6367,100.0,2.5690277995916446,296.59937888198755
1288,4,4,4,21,6392,6371,6371,100.0,2.5697692669910532,296.55546935609
1289,6,6,6,21,6398,6377,6377,100.0,2.5711149443311903,296.6046511627907
1290,4,6,6,19,6402,6383,6383,100.0,2.5724580918063604,296.65375677769174
1291,5,5,5,19,6407,6388,6388,100.0,2.5735754539762055,296.65634674922603
1292,5,6,6,18,6412,6394,6394,100.0,2.574601188614326,296.70533642691413
1293,5,6,6,17,6417,6400,6400,100.0,2.575625,296.7542503863988
1294,5,6,6,16,6422,6406,6406,100.0,2.576334686231658,296.8030888030888
1295,4,7,7,13,6426,6413,6413,100.0,2.5767971308280058,296.89814814814815
1296,5,6,6,12,6431,6419,6419,100.0,2.5768811341330427,296.946800308404
1297,3,4,4,11,6434,6423,6423,100.0,2.5769889459754007,296.9029275808937
1298,6,5,5,12,6440,6428,6428,100.0,2.577006845052894,296.905311778291
1299,3,6,6,9,6443,6434,6434,100.0,2.576935032639105,296.95384615384614
1300,4,6,6,7,6447,6440,6440,100.0,2.57639751552795,297.0023059185242
1301,5,5,5,7,6452,6445,6445,100.0,2.5756400310318077,297.0046082949309
1302,6,4,4,9,6458,6449,6449,100.0,2.574972864009924,296.96085955487337
1303,4,5,5,8,6462,6454,6454,100.0,2.5742175395103812,296.9631901840491
1304,6,4,4,10,6468,6458,6458,100.0,2.5738618767420256,296.91954022988506
1305,3,6,6,7,6471,6464,6464,100.0,2.573019801980198,296.9678407350689
1306,4,5,5,6,6475,6469,6469,100.0,2.5724223218426343,296.97016067329764
1307,3,4,4,5,6478,6473,6473,100.0,2.5717596168700756,296.92660550458714
1308,5,6,6,4,6483,6479,6479,100.0,2.570458404074703,296.9747899159664
1309,4,7,7,1,6487,6486,6486,100.0,2.568300955905026,297.0687022900763
1310,4,4,4,1,6491,6490,6490,100.0,2.5668721109399075,297.02517162471395
1311,7,5,5,3,6498,6495,6495,100.0,2.565050038491147,297.0274390243902
1312,4,5,5,2,6502,6500,6500,100.0,2.5635384615384615,297.029702970297
1313,6,6,6,2,6508,6506,6506,100.0,2.5614817091915154,297.07762557077626
1314,4,5,5,1,6512,6511,6511,100.0,2.5598218399631394,297.07984790874525
1315,5,4,4,2,6517,6515,6515,100.0,2.5584036838066,297.0364741641338
1316,5,5,5,2,6522,6520,6520,100.0,2.5567484662576687,297.0387243735763
1317,6,6,6,2,6528,6526,6526,100.0,2.5547042598835428,297.0864946889226
1318,5,5,5,2,6533,6531,6531,100.0,2.553054662379421,297.08870356330556
1319,6,4,4,4,6539,6535,6535,100.0,2.551798010711553,297.04545454545456
1320,6,5,5,5,6545,6540,6540,100.0,2.55045871559633,297.0476911430734
1321,4,4,4,5,6549,6544,6544,100.0,2.5495110024449876,297.0045385779123
1322,6,5,5,6,6555,6549,6549,100.0,2.5484806840739043,297.00680272108843
1323,7,4,4,9,6562,6553,6553,100.0,2.547535479932855,296.96374622356495
1324,5,7,7,7,6567,6560,6560,100.0,2.546189024390244,297.05660377358487
1325,4,3,3,8,6571,6563,6563,100.0,2.545786987658083,296.9683257918552
1326,6,4,4,10,6577,6567,6567,100.0,2.5454545454545454,296.9253956292389
1327,5,4,4,11,6582,6571,6571,100.0,2.5451225079896513,296.88253012048193
1328,5,4,4,12,6587,6575,6575,100.0,2.5447908745247148,296.83972911963883
1329,5,5,5,12,6592,6580,6580,100.0,2.5446808510638297,296.8421052631579
1330,4,4,4,12,6596,6584,6584,100.0,2.5446537059538277,296.79939894815925
1331,5,4,4,13,6601,6588,6588,100.0,2.5447783849423193,296.7567567567567
1332,5,5,5,13,6606,6593,6593,100.0,2.5449719399362962,296.7591897974494
1333,5,5,5,13,6611,6598,6598,100.0,2.54501364049712,296.76161919040476
1334,5,4,4,14,6616,6602,6602,100.0,2.545137837019085,296.7191011235955
1335,6,6,6,14,6622,6608,6608,100.0,2.5452481840193704,296.76646706586826
1336,5,5,5,14,6627,6613,6613,100.0,2.545289581128081,296.7688855646971
1337,5,5,5,14,6632,6618,6618,100.0,2.545330915684497,296.7713004484305
1338,7,6,6,15,6639,6624,6624,100.0,2.5454408212560384,296.8185212845407
1339,3,5,5,13,6642,6629,6629,100.0,2.545481973148288,296.820895522388
1340,6,5,5,14,6648,6634,6634,100.0,2.545523063008743,296.8232662192394
1341,6,4,4,16,6654,6638,6638,100.0,2.5457969267851763,296.78092399403874
1342,4,5,5,15,6658,6643,6643,100.0,2.5461387927141352,296.783320923306
1343,3,5,5,13,6661,6648,6648,100.0,2.5464801444043323,296.7857142857143
1344,6,3,3,16,6667,6651,6651,100.0,2.5466847090663056,296.69888475836433
1345,4,4,4,16,6671,6655,6655,100.0,2.5474079639368896,296.65676077265977
1346,5,5,5,16,6676,6660,6660,100.0,2.548198198198198,296.65924276169267
1347,6,6,6,16,6682,6666,6666,100.0,2.548754875487549,296.70623145400594
1348,5,5,5,16,6687,6671,6671,100.0,2.5492429920551642,296.70867309117864
1349,5,4,4,17,6692,6675,6675,100.0,2.5495131086142324,296.6666666666667
1350,6,4,4,19,6698,6679,6679,100.0,2.549932624644408,296.6247224278313
1351,6,6,6,19,6704,6685,6685,100.0,2.5507853403141363,296.6715976331361
1352,5,5,5,19,6709,6690,6690,100.0,2.5514200298953664,296.6740576496674
1353,5,2,2,22,6714,6692,6692,100.0,2.5518529587567245,296.54357459379617
1354,5,5,5,22,6719,6697,6697,100.0,2.5529341496192326,296.54612546125463
1355,5,6,6,21,6724,6703,6703,100.0,2.5543786364314487,296.5929203539823
1356,5,4,4,22,6729,6707,6707,100.0,2.555389891158491,296.551215917465
1357,5,5,5,22,6734,6712,6712,100.0,2.5567640047675804,296.5537555228277
1358,5,5,5,22,6739,6717,6717,100.0,2.5581360726514815,296.55629139072846
1359,6,4,4,24,6745,6721,6721,100.0,2.5592917720577293,296.514705882353
1360,5,6,6,23,6750,6727,6727,100.0,2.561022744165304,296.56135194709776
1361,3,5,5,21,6753,6732,6732,100.0,2.5623885918003566,296.56387665198235
1362,4,5,5,20,6757,6737,6737,100.0,2.5637524120528425,296.5663976522377
1363,4,5,5,19,6761,6742,6742,100.0,2.5651142094334025,296.5689149560117
1364,7,4,4,22,6768,6746,6746,100.0,2.5664097242810553,296.5274725274725
1365,4,4,4,22,6772,6750,6750,100.0,2.567851851851852,296.48609077598826
1366,7,5,5,24,6779,6755,6755,100.0,2.569356032568468,296.48866130212144
1367,5,5,5,24,6784,6760,6760,100.0,2.5707100591715975,296.49122807017545
1368,4,5,5,23,6788,6765,6765,100.0,2.5719142645971913,296.4937910883857
1369,7,6,6,24,6795,6771,6771,100.0,2.573622803131,296.54014598540147
1370,4,6,6,22,6799,6777,6777,100.0,2.5750332005312084,296.58643326039385
1371,4,3,3,23,6803,6780,6780,100.0,2.575958702064897,296.5014577259475
1372,6,6,6,23,6809,6786,6786,100.0,2.5778072502210434,296.5477057538238
1373,6,5,5,24,6815,6791,6791,100.0,2.579148873509056,296.55021834061137
1374,5,6,6,23,6820,6797,6797,100.0,2.58099161394733,296.59636363636366
1375,5,5,5,23,6825,6802,6802,100.0,2.5823287268450454,296.5988372093023
1376,3,5,5,21,6828,6807,6807,100.0,2.5835169678272365,296.60130718954247
1377,6,4,4,23,6834,6811,6811,100.0,2.584642490089561,296.5602322206096
1378,6,5,5,24,6840,6816,6816,100.0,2.586267605633803,296.562726613488
1379,6,6,6,24,6846,6822,6822,100.0,2.5880973321606566,296.6086956521739
1380,4,3,3,25,6850,6825,6825,100.0,2.589157509157509,296.52425778421434
1381,4,6,6,23,6854,6831,6831,100.0,2.590835895183721,296.5701881331404
1382,4,4,4,23,6858,6835,6835,100.0,2.592099487929773,296.529284164859
1383,3,7,7,19,6861,6842,6842,100.0,2.5942706810874014,296.6184971098266
1384,6,6,6,19,6867,6848,6848,100.0,2.5960864485981308,296.66425992779784
1385,6,6,6,19,6873,6854,6854,100.0,2.5976072366501315,296.7099567099567
1386,5,5,5,19,6878,6859,6859,100.0,2.598483743986004,296.71232876712327
1387,5,8,8,16,6883,6867,6867,100.0,2.599242755206058,296.8443804034582
1388,6,5,5,17,6889,6872,6872,100.0,2.59953434225844,296.8466522678186
1389,5,4,4,18,6894,6876,6876,100.0,2.599912739965096,296.80575539568343
1390,7,4,4,21,6901,6880,6880,100.0,2.600436046511628,296.764917325665
1391,6,6,6,21,6907,6886,6886,100.0,2.6012198663955854,296.8103448275862
1392,5,5,5,21,6912,6891,6891,100.0,2.601944565375127,296.81263460157936
1393,5,5,5,21,6917,6896,6896,100.0,2.6026682134570764,296.8149210903874
1394,4,5,5,20,6921,6901,6901,100.0,2.6036806259962324,296.81720430107526
1395,6,5,5,21,6927,6906,6906,100.0,2.6046915725456126,296.8194842406877
1396,4,4,4,21,6931,6910,6910,100.0,2.605643994211288,296.77881173944166
1397,6,6,6,21,6937,6916,6916,100.0,2.607142857142857,296.82403433476395
1398,6,5,5,22,6943,6921,6921,100.0,2.6082935991908682,296.8263045032166
1399,6,4,4,24,6949,6925,6925,100.0,2.6090974729241876,296.7857142857143
1400,5,6,6,23,6954,6931,6931,100.0,2.6105901024383207,296.830835117773
1401,6,4,4,25,6960,6935,6935,100.0,2.6113914924297044,296.79029957203994
1402,4,5,5,24,6964,6940,6940,100.0,2.612680115273775,296.7925873129009
1403,7,3,3,28,6971,6943,6943,100.0,2.6137116520236208,296.7094017094017
1404,5,4,4,29,6976,6947,6947,100.0,2.615085648481359,296.6690391459075
1405,4,5,5,28,6980,6952,6952,100.0,2.617088607594937,296.6714082503556
1406,5,4,4,29,6985,6956,6956,100.0,2.6187464059804486,296.6311300639659
1407,5,4,4,30,6990,6960,6960,100.0,2.6206896551724137,296.5909090909091
1408,4,6,6,28,6994,6966,6966,100.0,2.6233132357163367,296.6359119943222
1409,6,6,6,28,7000,6972,6972,100.0,2.6260757314974184,296.6808510638298
1410,3,5,5,26,7003,6977,6977,100.0,2.62835029382256,296.68320340184266
1411,6,4,4,28,7009,6981,6981,100.0,2.630138948574703,296.643059490085
1412,5,5,5,28,7014,6986,6986,100.0,2.6324076724878327,296.6454352441614
1413,7,7,7,28,7021,6993,6993,100.0,2.6353496353496353,296.73267326732673
1414,3,7,7,24,7024,7000,7000,100.0,2.637857142857143,296.8197879858657
1415,4,6,6,22,7028,7006,7006,100.0,2.6394518983728235,296.864406779661
1416,6,4,4,24,7034,7010,7010,100.0,2.6406562054208274,296.8242766407904
1417,5,5,5,24,7039,7015,7015,100.0,2.6421952957947257,296.8265162200282
1418,6,5,5,25,7045,7020,7020,100.0,2.6438746438746437,296.82875264270615
1419,6,5,5,26,7051,7025,7025,100.0,2.6455516014234877,296.83098591549293
1420,5,6,6,25,7056,7031,7031,100.0,2.6471341203242784,296.8754398311048
1421,6,6,6,25,7062,7037,7037,100.0,2.6487139405996873,296.9198312236287
1422,4,4,4,25,7066,7041,7041,100.0,2.649765658287175,296.87983134223475
1423,4,4,4,25,7070,7045,7045,100.0,2.651100070972321,296.83988764044943
1424,6,6,6,25,7076,7051,7051,100.0,2.653098851226776,296.88421052631577
1425,5,6,6,24,7081,7057,7057,100.0,2.6549525294034293,296.92847124824686
1426,6,5,5,25,7087,7062,7062,100.0,2.656612857547437,296.9306236860547
1427,4,7,7,22,7091,7069,7069,100.0,2.6585089828830104,297.01680672268907
1428,5,5,5,22,7096,7074,7074,100.0,2.6595985298275373,297.0188943317005
1429,5,4,4,23,7101,7078,7078,100.0,2.6606385984741454,296.97902097902096
1430,4,6,6,21,7105,7084,7084,100.0,2.662196499153021,297.0230607966457
1431,4,8,8,17,7109,7092,7092,100.0,2.663987591652566,297.15083798882677
1432,4,4,4,17,7113,7096,7096,100.0,2.664740698985344,297.1109560362875
1433,6,7,7,16,7119,7103,7103,100.0,2.665775024637477,297.1966527196653
1434,5,6,6,15,7124,7109,7109,100.0,2.6663384442256293,297.2404181184669
1435,3,4,4,14,7127,7113,7113,100.0,2.666526079010263,297.20055710306406
1436,4,3,3,15,7131,7116,7116,100.0,2.6666666666666665,297.11899791231735
1437,5,3,3,17,7136,7119,7119,100.0,2.6672285433347382,297.0375521557719
1438,4,4,4,17,7140,7123,7123,100.0,2.6679769759932612,296.997915218902
1439,4,5,5,16,7144,7128,7128,100.0,2.6689113355780023,297.0
